1 3 2 21
2 3 2 7
4 3 2 32
5 2 2 29
4 1 2 1
1 4 2 17
5 4 2 13
2 5 2 15
2 5 2 19
5 1 2 4
4 5 2 4
3 4 2 20
4 2 2 16
1 3 2 1
6 2 2 2
6 2 2 25
5 3 2 32
5 4 2 3
2 4 2 23
1 5 2 20
2 3 2 21
1 5 2 1
2 3 2 2
5 2 2 16
3 1 2 22
2 1 2 6
6 3 2 30
3 4 2 23
2 4 2 17
3 2 2 17
6 4 2 31
5 2 2 1
2 1 2 23
2 4 2 25
3 1 2 23
4 5 2 30
4 1 2 30
3 1 2 29
6 4 2 25
1 6 2 2
4 2 2 12
2 6 2 29
2 4 2 16
5 4 2 14
5 6 2 30
6 4 2 15
3 4 2 30
5 3 2 22
6 2 2 7
6 4 2 16
4 1 2 8
2 5 2 7
5 4 2 16
1 4 2 19
1 4 2 5
5 3 2 11
5 6 2 5
2 4 2 8
1 3 2 22
4 3 2 26
3 6 2 6
5 1 2 31
5 4 2 21
6 2 2 3
1 2 2 10
1 5 2 21
3 5 2 17
2 5 2 25
3 5 2 9
3 6 2 15
5 1 2 1
6 3 2 32
5 6 2 15
1 4 2 9
1 2 2 24
1 4 2 21
3 6 2 1
1 3 2 3
5 6 2 28
3 2 2 20
3 4 2 16
6 3 2 2
3 5 2 21
4 3 2 31
4 1 2 26
4 6 2 15
2 6 2 26
1 6 2 13
2 6 2 22
3 4 2 23
5 1 2 18
5 4 2 4
5 2 2 23
3 2 2 27
2 5 2 24
5 6 2 16
2 6 2 9
6 3 2 3
5 2 2 5
6 1 2 5
1 6 2 32
4 3 2 26
1 5 2 18
3 6 2 31
3 2 2 1
1 6 2 24
1 2 2 17
6 1 2 22
2 1 2 13
1 6 2 11
2 1 2 25
4 6 2 15
1 6 2 31
1 5 2 31
6 2 2 13
4 2 2 28
4 2 2 13
4 3 2 22
2 5 2 13
1 6 2 1
1 5 2 20
2 1 2 32
3 6 2 26
4 1 2 9
4 1 2 7
2 3 2 12
6 5 2 10
6 3 2 19
4 6 2 26
5 4 2 4
3 2 2 19
3 6 2 4
4 5 2 32
4 1 2 24
4 1 2 27
5 3 2 15
6 5 2 26
2 1 2 16
6 1 2 12
2 6 2 2
3 1 2 28
6 4 2 7
5 3 2 23
4 6 2 20
1 3 2 11
1 4 2 13
4 2 2 18
4 6 2 30
2 4 2 20
1 3 2 12
6 3 2 16
6 1 2 18
2 3 2 23
2 4 2 10
3 4 2 29
4 3 2 19
1 6 2 6
6 2 2 23
2 1 2 17
4 6 2 11
6 5 2 31
5 2 2 5
6 2 2 10
1 6 2 31
2 3 2 7
5 3 2 12
2 6 2 2
3 4 2 21
4 2 2 17
3 4 2 29
5 6 2 2
1 2 2 12
4 2 2 27
5 2 2 17
4 2 2 24
5 2 2 20
4 3 2 1
6 3 2 30
3 4 2 22
1 3 2 16
5 2 2 20
3 4 2 23
6 1 2 14
2 6 2 21
5 2 2 26
5 4 2 23
6 5 2 16
2 4 2 24
2 6 2 14
5 3 2 5
3 5 2 8
5 4 2 23
4 6 2 11
6 1 2 4
4 2 2 2
6 1 2 13
4 3 2 5
1 6 2 12
2 1 2 4
2 3 2 30
5 1 2 5
4 6 2 24
6 2 2 32
4 2 2 16
5 6 2 12
5 6 2 11
4 6 2 8
2 5 2 11
4 5 2 13
1 5 2 30
5 3 2 17
6 3 2 24
1 2 2 5
5 6 2 2
4 2 2 27
1 2 2 19
2 3 2 27
6 5 2 23
4 6 2 16
4 3 2 1
2 6 2 21
1 3 2 23
1 5 2 23
4 1 2 30
6 4 2 3
1 4 2 29
2 3 2 16
3 1 2 22
3 2 2 29
2 3 2 19
4 1 2 1
1 3 2 2
2 1 2 20
2 3 2 22
3 2 2 7
2 3 2 10
4 6 2 22
2 1 2 31
3 4 2 18
1 3 2 31
6 4 2 15
6 4 2 30
3 5 2 3
1 2 2 16
1 4 2 28
3 1 2 16
3 2 2 15
5 6 2 19
2 1 2 17
4 1 2 10
5 4 2 4
6 3 2 22
1 4 2 21
2 5 2 31
5 4 2 12
5 1 2 31
1 2 2 8
3 5 2 24
6 3 2 19
4 6 2 26
2 1 2 31
3 2 2 4
3 1 2 20
3 1 2 5
3 6 2 8
5 6 2 31
6 3 2 24
2 5 2 2
6 5 2 24
1 3 2 30
3 6 2 8
3 5 2 24
2 5 2 15
6 1 2 14
5 2 2 29
3 1 2 1
4 5 2 20
4 5 2 32
3 1 2 11
4 1 2 24
3 4 2 16
5 2 2 24
1 2 2 23
5 6 2 18
4 1 2 11
2 5 2 23
5 2 2 19
1 3 2 28
1 2 2 30
6 3 2 11
5 3 2 27
2 6 2 21
2 1 2 16
2 4 2 32
3 1 2 19
4 3 2 16
5 3 2 17
2 5 2 28
6 4 2 31
4 1 2 21
2 1 2 16
3 2 2 10
3 5 2 4
1 3 2 8
2 6 2 26
4 5 2 17
2 5 2 10
4 3 2 3
1 3 2 17
3 5 2 8
5 6 2 7
3 5 2 12
1 4 2 23
6 5 2 30
3 1 2 13
5 1 2 22
5 1 2 14
3 6 2 22
1 4 2 14
2 5 2 5
5 4 2 2
2 6 2 22
1 6 2 7
3 2 2 19
6 4 2 19
2 6 2 20
5 4 2 21
1 6 2 25
5 3 2 18
1 6 2 28
6 5 2 16
6 2 2 22
1 2 2 7
1 4 2 32
3 6 2 16
2 3 2 28
2 1 2 16
3 4 2 31
3 6 2 30
6 5 2 17
5 6 2 29
2 6 2 14
6 4 2 21
3 1 2 1
4 2 2 19
4 1 2 7
2 5 2 5
5 1 2 5
3 4 2 21
3 1 2 18
5 1 2 1
5 1 2 32
6 3 2 16
5 1 2 4
6 5 2 6
1 3 2 18
2 3 2 27
3 2 2 27
3 5 2 30
6 5 2 32
3 2 2 10
1 3 2 22
2 3 2 22
2 1 2 32
4 1 2 1
6 3 2 17
3 2 2 26
2 6 2 21
2 3 2 6
1 6 2 3
6 4 2 8
1 5 2 14
2 6 2 2
2 5 2 24
5 4 2 9
2 3 2 6
6 1 2 14
6 1 2 5
5 2 2 4
5 1 2 5
4 1 2 14
6 2 2 2
3 1 2 1
3 5 2 19
3 6 2 21
3 2 2 15
1 3 2 27
4 2 2 18
3 5 2 31
2 6 2 24
2 3 2 18
1 3 2 31
5 4 2 12
4 6 2 22
2 1 2 25
3 1 2 5
5 3 2 19
5 6 2 12
5 4 2 9
2 1 2 4
1 6 2 19
2 5 2 12
3 6 2 18
5 1 2 28
5 2 2 10
3 6 2 21
4 3 2 12
2 3 2 20
1 4 2 21
5 2 2 6
5 1 2 26
2 5 2 10
4 6 2 32
1 3 2 4
3 2 2 19
1 3 2 32
4 2 2 7
2 3 2 18
6 3 2 23
3 2 2 2
4 1 2 17
2 1 2 19
1 5 2 7
4 1 2 19
5 3 2 27
6 3 2 13
5 1 2 2
5 4 2 24
1 2 2 28
1 4 2 10
4 1 2 15
3 2 2 2
1 6 2 8
4 3 2 32
5 1 2 26
5 6 2 18
6 1 2 30
1 4 2 14
1 3 2 25
6 3 2 19
4 5 2 17
5 3 2 16
2 3 2 13
1 2 2 25
3 5 2 28
3 4 2 25
3 5 2 17
6 2 2 4
2 4 2 25
3 1 2 23
5 1 2 8
5 2 2 7
4 5 2 2
3 2 2 29
5 1 2 13
6 3 2 22
3 5 2 12
5 3 2 2
1 3 2 1
2 1 2 9
1 3 2 14
2 1 2 26
2 4 2 32
4 3 2 9
5 4 2 28
3 2 2 27
2 5 2 13
1 5 2 17
6 3 2 18
4 2 2 1
5 6 2 18
5 2 2 4
4 1 2 5
1 4 2 9
4 6 2 28
4 6 2 15
2 1 2 24
2 1 2 30
2 3 2 16
1 3 2 20
6 2 2 19
3 5 2 18
5 3 2 5
3 6 2 7
1 6 2 18
2 3 2 12
3 1 2 7
6 2 2 12
1 2 2 27
2 6 2 18
2 1 2 27
3 2 2 26
6 4 2 3
2 6 2 8
3 6 2 18
4 2 2 16
5 6 2 15
2 3 2 15
4 2 2 13
4 2 2 9
3 1 2 26
5 4 2 26
4 2 2 25
6 5 2 3
5 6 2 31
2 5 2 16
6 3 2 21
5 6 2 9
5 4 2 9
2 5 2 13
1 3 2 5
1 6 2 18
4 3 2 24
6 5 2 29
2 5 2 13
1 2 2 7
6 2 2 3
3 6 2 32
5 3 2 11
1 4 2 31
5 1 2 25
6 3 2 1
5 1 2 30
4 6 2 25
4 3 2 32
6 2 2 5
1 5 2 27
1 4 2 25
4 3 2 16
4 5 2 5
2 4 2 30
6 4 2 17
2 4 2 24
1 6 2 9
4 2 2 21
1 4 2 2
6 1 2 24
5 4 2 6
4 3 2 16
4 1 2 11
1 3 2 28
3 5 2 4
1 2 2 4
4 1 2 8
1 4 2 27
6 3 2 6
3 1 2 5
3 5 2 8
1 4 2 30
5 6 2 27
4 3 2 13
6 2 2 16
6 5 2 17
2 1 2 31
4 5 2 20
3 4 2 25
5 4 2 27
3 6 2 28
6 1 2 31
6 1 2 10
3 4 2 2
2 6 2 20
4 1 2 21
4 6 2 6
1 3 2 13
4 5 2 10
3 1 2 3
2 4 2 30
6 3 2 2
1 3 2 8
5 1 2 20
6 3 2 15
5 4 2 28
5 6 2 19
4 2 2 5
3 4 2 13
5 4 2 2
2 1 2 14
2 5 2 27
5 4 2 21
1 4 2 19
3 2 2 29
5 3 2 28
1 3 2 27
3 1 2 11
2 3 2 26
4 2 2 15
1 5 2 10
3 4 2 25
5 4 2 24
6 1 2 32
6 5 2 9
5 4 2 32
3 4 2 15
5 1 2 31
6 5 2 21
1 6 2 9
6 3 2 24
6 2 2 30
5 1 2 29
6 5 2 30
6 4 2 13
6 2 2 10
5 4 2 4
2 4 2 4
1 2 2 12
4 3 2 21
1 5 2 31
4 6 2 32
4 6 2 26
2 6 2 22
4 3 2 30
4 1 2 26
4 1 2 6
1 3 2 27
2 4 2 20
2 4 2 26
2 1 2 7
6 5 2 20
3 6 2 3
6 1 2 24
1 3 2 24
2 5 2 14
4 2 2 29
6 4 2 12
1 5 2 24
2 6 2 30
5 6 2 12
5 4 2 25
6 4 2 17
5 2 2 2
2 6 2 15
5 2 2 23
6 4 2 19
2 1 2 3
6 3 2 11
5 4 2 27
2 1 2 17
3 4 2 3
2 4 2 23
4 1 2 17
1 3 2 21
4 2 2 4
6 4 2 5
4 5 2 22
3 5 2 24
5 4 2 15
4 3 2 26
3 5 2 11
4 3 2 18
1 4 2 16
4 6 2 31
4 3 2 24
4 3 2 4
6 1 2 12
1 3 2 19
4 5 2 24
5 2 2 26
2 4 2 23
5 3 2 7
3 1 2 21
6 2 2 2
6 2 2 17
5 6 2 31
3 6 2 10
6 5 2 11
3 2 2 8
1 2 2 24
1 5 2 20
2 4 2 19
4 6 2 5
2 1 2 3
1 5 2 6
6 3 2 11
6 4 2 24
2 6 2 3
3 1 2 18
6 5 2 12
1 2 2 22
1 5 2 27
2 6 2 30
6 1 2 19
2 4 2 23
5 2 2 23
4 3 2 9
2 1 2 25
1 2 2 29
4 2 2 31
4 6 2 17
4 6 2 26
1 5 2 14
1 3 2 3
1 5 2 25
3 2 2 27
1 3 2 3
1 2 2 14
5 1 2 26
2 1 2 18
4 1 2 11
1 4 2 8
5 4 2 9
3 6 2 6
3 1 2 11
5 6 2 16
4 3 2 5
1 4 2 8
2 4 2 18
1 2 2 32
5 2 2 17
5 4 2 27
5 6 2 31
3 5 2 10
2 1 2 23
2 4 2 31
4 2 2 7
3 1 2 2
4 5 2 10
1 3 2 11
5 1 2 31
3 2 2 3
1 4 2 15
2 5 2 5
3 6 2 27
2 1 2 18
1 2 2 1
5 6 2 29
4 1 2 19
4 2 2 17
3 2 2 11
5 6 2 4
1 6 2 24
4 3 2 14
3 4 2 19
1 3 2 9
5 3 2 16
6 2 2 8
3 2 2 31
4 3 2 15
5 2 2 11
3 2 2 18
2 1 2 8
1 2 2 5
6 5 2 14
5 4 2 28
1 4 2 13
6 4 2 28
1 5 2 6
3 5 2 2
1 5 2 6
3 5 2 28
6 5 2 8
4 6 2 6
5 6 2 24
5 3 2 1
4 5 2 13
4 3 2 7
2 3 2 18
2 6 2 27
6 4 2 29
6 4 2 24
3 2 2 5
3 1 2 4
6 5 2 8
4 5 2 12
2 1 2 7
2 1 2 29
3 2 2 15
6 2 2 27
3 1 2 24
3 6 2 9
4 2 2 4
1 2 2 28
4 2 2 16
2 6 2 9
5 1 2 13
1 4 2 11
5 1 2 20
1 6 2 23
2 5 2 18
2 3 2 29
1 5 2 21
2 4 2 1
4 5 2 28
4 5 2 17
1 6 2 15
6 1 2 22
6 2 2 4
4 1 2 1
1 5 2 24
1 5 2 19
2 5 2 31
4 5 2 12
5 3 2 3
5 3 2 4
4 5 2 28
2 6 2 23
4 5 2 27
2 5 2 15
2 3 2 31
3 6 2 8
1 4 2 10
6 2 2 8
4 2 2 22
5 1 2 17
5 3 2 22
1 3 2 15
1 6 2 19
2 1 2 13
1 3 2 20
6 4 2 20
5 2 2 25
5 3 2 22
6 4 2 11
3 6 2 7
2 6 2 13
6 1 2 9
3 1 2 1
4 6 2 20
4 2 2 26
6 5 2 18
2 6 2 13
4 1 2 11
1 2 2 8
5 3 2 26
1 3 2 4
2 5 2 24
2 6 2 7
6 5 2 22
6 2 2 27
1 4 2 30
2 1 2 29
1 5 2 21
5 2 2 27
4 2 2 7
6 3 2 3
3 4 2 10
2 5 2 14
1 5 2 31
5 2 2 24
1 2 2 23
4 5 2 3
5 4 2 2
3 5 2 14
4 1 2 3
3 4 2 28
5 3 2 16
1 6 2 6
5 2 2 24
4 3 2 17
2 4 2 30
4 5 2 6
4 6 2 30
5 4 2 2
2 6 2 12
6 4 2 24
1 4 2 30
2 3 2 17
2 1 2 21
2 4 2 12
4 1 2 20
6 1 2 24
2 3 2 6
3 2 2 1
4 5 2 20
4 1 2 3
5 4 2 22
1 6 2 30
1 4 2 1
2 3 2 5
6 1 2 21
6 4 2 4
3 2 2 3
1 3 2 19
1 6 2 14
1 6 2 32
2 1 2 9
3 4 2 2
3 5 2 2
2 1 2 19
3 5 2 22
4 5 2 10
2 6 2 24
3 1 2 25
5 4 2 17
2 4 2 10
1 6 2 15
1 2 2 9
1 4 2 7
4 3 2 6
5 4 2 9
1 5 2 21
6 4 2 30
6 4 2 6
1 4 2 22
5 6 2 18
1 3 2 9
2 5 2 24
3 1 2 30
2 5 2 19
4 3 2 23
2 5 2 19
1 3 2 23
2 4 2 13
4 6 2 30
1 4 2 25
3 4 2 30
3 6 2 30
4 1 2 24
3 1 2 17
4 5 2 10
4 3 2 9
2 3 2 17
6 3 2 19
6 3 2 14
6 3 2 16
2 1 2 30
2 5 2 30
1 4 2 6
5 2 2 26
3 6 2 2
4 5 2 25
5 6 2 11
4 5 2 22
4 2 2 20
6 2 2 31
4 1 2 32
1 3 2 7
5 6 2 23
1 2 2 21
5 3 2 32
5 3 2 32
2 5 2 9
4 2 2 23
2 6 2 2
6 5 2 26
5 3 2 14
4 1 2 32
2 6 2 23
2 3 2 19
3 5 2 17
4 3 2 7
2 1 2 22
3 1 2 14
3 5 2 5
4 2 2 19
5 6 2 32
1 5 2 23
1 2 2 9
5 4 2 13
1 2 2 20
6 3 2 12
2 5 2 12
6 2 2 23
4 2 2 5
2 1 2 8
1 6 2 15
6 4 2 24
5 1 2 19
5 1 2 26
3 4 2 9
1 4 2 8
5 2 2 1
4 3 2 24
3 5 2 2
6 5 2 22
6 5 2 19
3 5 2 10
4 6 2 16
5 1 2 6
5 2 2 28
2 3 2 22
6 2 2 19
1 3 2 1
4 6 2 28
6 5 2 6
6 1 2 12
1 4 2 29
4 2 2 20
1 6 2 24
2 1 2 7
3 4 2 2
1 5 2 30
4 2 2 26
6 5 2 8
4 3 2 25
2 3 2 13
4 1 2 29
1 3 2 19
5 1 2 19
4 1 2 29
2 5 2 23
4 1 2 3
6 1 2 29
5 3 2 27
5 1 2 18
2 3 2 24
3 5 2 24
2 4 2 2
5 1 2 32
2 6 2 12
6 2 2 7
5 1 2 20
5 3 2 15
4 3 2 31
1 2 2 27
2 5 2 23
4 2 2 12
1 5 2 30
2 4 2 21
6 5 2 4
5 6 2 15
2 6 2 22
2 3 2 30
4 6 2 15
5 2 2 31
5 2 2 6
3 6 2 28
1 2 2 20
2 1 2 26
2 3 2 27
5 2 2 7
3 5 2 19
4 6 2 17
2 1 2 2
4 2 2 13
5 4 2 1
5 6 2 10
5 1 2 2
3 5 2 19
4 3 2 20
2 6 2 30
5 6 2 4
4 1 2 15
5 4 2 14
4 1 2 26
4 2 2 23
5 1 2 25
3 4 2 3
2 1 2 4
2 5 2 16
5 6 2 13
2 6 2 15
3 2 2 31
6 5 2 31
4 3 2 13
1 5 2 27
1 6 2 1
1 2 2 15
4 1 2 15
3 2 2 1
1 4 2 23
3 5 2 14
6 1 2 13
3 1 2 4
4 3 2 13
3 5 2 15
4 2 2 15
1 3 2 30
2 4 2 11
6 1 2 17
3 1 2 21
5 6 2 5
6 1 2 29
1 4 2 24
5 6 2 17
3 2 2 5
2 6 2 10
4 1 2 5
1 4 2 17
4 1 2 13
5 2 2 32
1 5 2 21
6 3 2 3
3 4 2 14
3 5 2 9
4 2 2 11
1 3 2 16
6 3 2 17
1 2 2 24
6 1 2 30
5 6 2 12
1 4 2 29
1 4 2 30
6 1 2 20
6 1 2 13
6 2 2 17
2 5 2 9
5 6 2 31
1 5 2 27
6 4 2 1
6 2 2 27
2 6 2 31
5 2 2 23
4 1 2 15
3 1 2 32
5 2 2 21
3 2 2 7
6 2 2 19
5 6 2 32
5 1 2 19
2 4 2 19
5 1 2 21
5 1 2 26
4 1 2 24
3 1 2 26
4 6 2 10
3 2 2 29
2 5 2 29
4 2 2 4
1 5 2 8
3 6 2 4
5 1 2 27
3 1 2 21
1 4 2 20
6 4 2 6
5 3 2 2
4 3 2 28
1 4 2 23
4 3 2 18
5 6 2 13
6 1 2 21
1 5 2 18
5 4 2 23
5 3 2 6
1 3 2 6
6 3 2 12
5 1 2 24
6 5 2 6
1 6 2 18
1 2 2 4
2 1 2 26
5 4 2 7
2 3 2 26
4 1 2 10
4 5 2 13
4 2 2 4
1 3 2 14
6 1 2 7
1 2 2 26
3 6 2 8
1 6 2 1
1 2 2 21
5 3 2 23
6 5 2 27
6 5 2 28
2 3 2 10
5 2 2 6
6 3 2 31
5 2 2 29
2 3 2 11
6 3 2 26
5 4 2 31
4 3 2 14
2 1 2 5
1 5 2 17
6 5 2 10
6 2 2 8
2 4 2 29
5 1 2 17
3 1 2 5
1 2 2 13
1 6 2 18
3 5 2 21
2 6 2 29
3 6 2 25
1 4 2 6
5 1 2 23
6 4 2 27
1 5 2 5
6 5 2 17
3 2 2 26
3 5 2 16
1 5 2 19
4 2 2 31
5 1 2 1
4 6 2 2
4 3 2 10
2 1 2 17
3 2 2 19
5 1 2 3
1 6 2 13
6 3 2 32
2 3 2 7
4 6 2 24
6 5 2 32
5 2 2 21
4 3 2 12
1 2 2 21
1 2 2 11
6 3 2 22
2 6 2 11
2 5 2 27
5 2 2 28
4 6 2 20
6 1 2 31
3 5 2 15
4 2 2 3
4 6 2 21
5 2 2 10
4 6 2 3
4 2 2 24
2 3 2 24
2 1 2 17
3 2 2 2
6 2 2 15
1 4 2 16
4 5 2 4
6 3 2 1
2 6 2 31
1 5 2 31
4 2 2 28
4 1 2 28
6 5 2 6
5 1 2 13
2 3 2 13
5 6 2 30
4 3 2 6
3 2 2 5
2 3 2 18
5 3 2 6
2 1 2 15
2 6 2 18
1 3 2 23
2 4 2 30
5 2 2 27
2 3 2 26
3 2 2 31
5 6 2 8
3 6 2 6
4 5 2 18
4 3 2 26
6 1 2 14
3 5 2 28
4 3 2 3
5 3 2 4
6 2 2 12
3 2 2 15
4 2 2 13
2 6 2 32
2 4 2 31
2 1 2 28
2 3 2 19
6 2 2 27
3 2 2 2
5 2 2 25
3 6 2 25
5 3 2 19
4 5 2 31
2 1 2 7
1 4 2 18
4 3 2 18
2 6 2 11
4 6 2 21
3 6 2 1
2 4 2 2
3 1 2 21
3 6 2 6
6 4 2 31
2 4 2 7
2 5 2 14
4 6 2 3
3 5 2 26
1 3 2 18
5 3 2 3
5 6 2 8
6 5 2 23
4 6 2 27
1 6 2 5
5 3 2 12
1 5 2 6
6 5 2 26
6 3 2 4
2 1 2 10
4 5 2 25
2 4 2 14
4 6 2 5
3 5 2 16
6 2 2 24
2 6 2 13
6 5 2 15
2 3 2 30
2 1 2 14
3 2 2 15
2 4 2 5
5 6 2 3
1 3 2 2
6 5 2 29
4 2 2 7
5 6 2 28
6 3 2 13
2 5 2 28
2 3 2 12
2 5 2 11
6 5 2 25
4 5 2 14
1 3 2 10
4 5 2 20
5 1 2 3
5 4 2 25
5 2 2 23
5 1 2 3
4 2 2 15
5 4 2 32
2 6 2 11
3 1 2 20
6 2 2 32
4 6 2 16
2 3 2 28
1 2 2 22
4 5 2 25
5 2 2 23
4 6 2 2
6 4 2 13
6 4 2 24
5 6 2 21
3 4 2 1
1 3 2 14
5 2 2 30
3 5 2 4
2 3 2 14
4 2 2 30
5 6 2 25
6 5 2 11
1 6 2 20
2 5 2 15
5 4 2 9
5 2 2 9
3 5 2 5
2 4 2 19
1 5 2 2
6 5 2 15
5 4 2 23
5 1 2 20
4 3 2 10
6 4 2 26
1 3 2 31
6 3 2 22
2 5 2 22
6 1 2 18
5 1 2 25
4 5 2 2
4 1 2 14
4 1 2 5
1 2 2 24
6 4 2 18
4 6 2 3
6 4 2 6
4 1 2 30
5 2 2 6
2 1 2 9
6 4 2 24
6 5 2 13
2 4 2 18
1 6 2 28
6 4 2 23
3 5 2 28
4 6 2 9
2 3 2 28
6 2 2 22
2 3 2 30
5 4 2 22
4 6 2 12
5 2 2 4
4 3 2 28
2 4 2 23
3 4 2 25
2 3 2 17
6 3 2 27
5 6 2 2
4 1 2 32
2 5 2 31
3 2 2 26
1 3 2 29
4 1 2 24
5 1 2 1
4 1 2 18
3 1 2 20
3 2 2 4
1 6 2 15
3 5 2 7
1 2 2 5
4 6 2 2
1 4 2 11
6 3 2 7
1 6 2 4
5 1 2 3
6 3 2 22
1 5 2 7
1 4 2 17
1 3 2 20
5 4 2 4
2 1 2 2
5 3 2 18
2 4 2 27
1 5 2 19
5 3 2 6
6 3 2 7
2 6 2 22
5 2 2 22
6 2 2 18
3 2 2 20
5 1 2 10
4 2 2 19
4 6 2 14
2 1 2 4
2 6 2 6
1 4 2 24
5 6 2 28
4 6 2 27
6 5 2 31
5 3 2 1
4 2 2 17
6 1 2 17
5 1 2 5
4 2 2 22
6 3 2 30
5 1 2 25
3 2 2 2
2 1 2 16
2 4 2 1
2 1 2 7
4 2 2 15
6 3 2 2
3 1 2 3
5 4 2 27
2 4 2 22
3 2 2 23
3 2 2 31
4 6 2 27
6 3 2 14
5 4 2 30
6 3 2 4
1 6 2 14
5 4 2 6
1 4 2 19
6 5 2 24
4 1 2 24
2 6 2 2
6 2 2 2
6 2 2 27
6 2 2 21
4 2 2 23
2 5 2 10
6 1 2 9
2 1 2 11
5 4 2 29
6 2 2 20
3 1 2 20
3 5 2 1
1 5 2 5
3 5 2 28
4 5 2 7
1 2 2 9
3 6 2 3
1 2 2 17
1 6 2 21
5 2 2 22
1 3 2 8
2 5 2 22
1 6 2 23
2 6 2 28
5 2 2 29
3 1 2 21
3 6 2 3
1 6 2 10
5 6 2 22
5 4 2 19
1 2 2 24
3 6 2 28
1 3 2 13
1 2 2 18
6 4 2 23
4 2 2 27
1 5 2 7
5 4 2 5
4 2 2 26
1 6 2 16
2 3 2 20
6 5 2 17
3 2 2 23
2 1 2 29
1 3 2 22
1 6 2 21
5 2 2 27
1 6 2 18
4 3 2 19
6 5 2 23
5 1 2 14
2 5 2 32
3 1 2 13
6 1 2 29
4 5 2 11
4 3 2 30
5 4 2 15
6 4 2 15
4 1 2 1
2 4 2 17
5 3 2 23
6 5 2 29
5 3 2 29
2 6 2 9
6 5 2 27
5 4 2 20
4 2 2 31
6 2 2 15
2 4 2 14
1 5 2 23
2 4 2 15
1 2 2 12
3 5 2 28
1 6 2 32
1 2 2 3
4 2 2 31
1 5 2 30
5 6 2 3
4 3 2 3
4 1 2 11
3 1 2 18
6 5 2 18
5 3 2 18
6 3 2 1
2 4 2 5
3 5 2 6
5 2 2 15
1 4 2 25
5 3 2 26
6 1 2 24
1 5 2 25
4 3 2 22
1 2 2 10
3 4 2 30
4 2 2 29
1 3 2 7
3 1 2 4
6 5 2 1
2 4 2 32
1 5 2 17
1 5 2 19
1 2 2 29
4 5 2 18
6 5 2 3
4 2 2 27
4 1 2 12
6 3 2 7
2 4 2 28
6 3 2 12
6 4 2 12
4 1 2 14
3 5 2 12
6 5 2 3
1 5 2 18
3 5 2 23
3 5 2 32
5 4 2 2
6 1 2 10
3 2 2 28
3 2 2 13
4 1 2 31
6 5 2 11
5 3 2 2
2 3 2 32
5 4 2 27
5 4 2 17
4 5 2 18
6 3 2 6
3 1 2 13
3 4 2 27
1 6 2 17
2 4 2 24
6 4 2 21
3 2 2 6
1 5 2 18
6 4 2 12
3 6 2 28
5 4 2 32
3 6 2 9
6 4 2 12
5 3 2 29
6 1 2 10
5 6 2 10
3 6 2 12
2 4 2 12
6 3 2 19
6 2 2 25
3 6 2 21
5 1 2 21
5 6 2 22
4 2 2 21
2 6 2 19
5 1 2 1
2 4 2 15
1 4 2 16
4 3 2 11
1 2 2 10
4 5 2 5
6 3 2 32
5 2 2 2
4 1 2 19
2 4 2 21
5 2 2 14
6 4 2 7
6 2 2 4
6 4 2 1
4 6 2 24
5 2 2 16
1 5 2 32
2 1 2 19
4 3 2 15
5 3 2 5
2 6 2 30
3 2 2 5
3 6 2 18
3 2 2 3
5 4 2 24
1 6 2 30
2 4 2 12
5 4 2 17
2 5 2 23
3 2 2 21
4 3 2 2
5 4 2 11
3 1 2 8
4 6 2 27
4 2 2 29
6 2 2 10
1 4 2 30
3 2 2 15
1 4 2 10
4 3 2 2
3 5 2 31
2 1 2 22
3 5 2 21
3 6 2 3
2 1 2 8
2 1 2 29
1 4 2 21
5 6 2 17
6 5 2 2
1 4 2 17
4 6 2 3
4 2 2 24
5 1 2 17
6 2 2 27
5 3 2 31
6 2 2 30
4 1 2 12
5 1 2 26
5 4 2 19
2 3 2 4
5 3 2 29
2 5 2 31
6 5 2 17
5 6 2 1
6 5 2 27
6 2 2 21
3 6 2 18
2 3 2 4
5 1 2 15
1 2 2 16
3 5 2 17
6 2 2 3
6 4 2 17
2 3 2 3
3 1 2 21
1 2 2 32
4 5 2 23
6 3 2 18
4 6 2 2
6 4 2 17
5 3 2 30
4 6 2 4
5 6 2 3
6 4 2 19
3 5 2 5
4 5 2 5
4 1 2 5
5 1 2 22
3 4 2 25
2 4 2 25
1 2 2 22
4 5 2 7
6 5 2 6
3 2 2 30
5 1 2 28
1 3 2 30
3 5 2 14
2 1 2 30
3 2 2 25
1 5 2 5
2 4 2 18
2 1 2 24
5 4 2 4
4 5 2 19
4 2 2 12
1 5 2 2
5 3 2 30
5 3 2 8
6 1 2 22
2 4 2 12
3 6 2 21
2 1 2 6
2 4 2 6
6 2 2 14
1 6 2 13
5 3 2 31
3 5 2 18
1 3 2 25
1 4 2 15
5 1 2 27
2 4 2 9
2 5 2 5
5 2 2 27
5 2 2 4
1 5 2 10
5 3 2 11
3 1 2 11
2 5 2 11
4 3 2 4
1 2 2 1
5 6 2 1
1 3 2 14
4 2 2 18
1 5 2 9
5 2 2 19
5 1 2 32
1 3 2 20
1 6 2 2
2 4 2 29
2 1 2 9
2 3 2 2
2 4 2 20
6 5 2 6
2 5 2 11
6 2 2 18
5 6 2 4
5 6 2 16
2 3 2 32
6 4 2 6
1 2 2 27
5 2 2 20
3 2 2 27
3 1 2 18
2 6 2 9
3 5 2 21
4 5 2 4
4 6 2 16
1 4 2 6
4 2 2 17
6 1 2 27
1 2 2 31
2 6 2 17
5 2 2 24
3 2 2 8
2 1 2 19
2 6 2 32
3 4 2 8
2 4 2 28
4 3 2 29
5 1 2 28
4 6 2 1
5 3 2 28
5 4 2 25
3 1 2 6
4 2 2 25
3 5 2 32
5 3 2 18
5 3 2 20
3 2 2 2
1 4 2 6
5 2 2 18
6 2 2 28
1 2 2 19
6 3 2 5
2 3 2 5
1 6 2 3
4 3 2 9
2 1 2 5
2 6 2 13
1 4 2 2
3 4 2 20
2 3 2 31
4 1 2 23
6 3 2 13
3 5 2 10
6 5 2 7
6 3 2 14
4 1 2 21
3 5 2 2
6 5 2 21
5 6 2 24
2 5 2 19
3 4 2 4
2 1 2 27
5 4 2 17
6 4 2 2
5 3 2 13
4 2 2 5
6 1 2 3
5 2 2 1
3 1 2 4
3 6 2 27
4 3 2 23
3 1 2 11
2 1 2 9
3 2 2 13
5 2 2 1
2 6 2 21
3 2 2 30
2 5 2 30
3 1 2 26
5 3 2 13
3 2 2 10
5 2 2 30
3 6 2 29
1 5 2 31
5 6 2 25
3 4 2 15
6 3 2 14
5 2 2 32
5 3 2 23
4 1 2 16
4 3 2 9
1 4 2 27
5 3 2 16
4 1 2 31
3 5 2 32
1 3 2 24
2 4 2 20
2 3 2 26
1 3 2 23
4 1 2 6
5 6 2 22
1 3 2 4
5 1 2 9
6 5 2 18
6 1 2 15
3 5 2 3
6 1 2 9
3 6 2 10
6 2 2 9
4 5 2 20
4 2 2 10
5 1 2 4
2 6 2 1
3 6 2 6
4 3 2 28
2 6 2 18
6 1 2 29
1 2 2 21
3 4 2 2
1 5 2 19
5 3 2 10
2 3 2 20
4 6 2 13
2 5 2 24
3 2 2 18
3 4 2 6
2 3 2 20
5 4 2 32
5 6 2 1
1 5 2 14
2 3 2 18
3 4 2 13
3 6 2 7
6 3 2 4
6 1 2 27
2 6 2 11
3 2 2 1
4 6 2 17
4 2 2 8
3 2 2 20
6 4 2 20
2 3 2 2
1 4 2 2
2 3 2 1
2 5 2 12
3 4 2 29
4 1 2 12
3 2 2 30
2 6 2 3
4 2 2 6
2 6 2 29
3 4 2 7
6 5 2 31
6 1 2 21
1 4 2 28
5 6 2 14
1 3 2 23
5 4 2 9
1 3 2 7
3 2 2 3
4 1 2 23
1 3 2 32
5 6 2 31
1 6 2 22
4 6 2 14
1 5 2 23
2 6 2 23
3 2 2 27
4 6 2 9
1 3 2 24
6 5 2 29
2 6 2 23
2 6 2 21
6 3 2 21
6 4 2 8
1 3 2 15
6 4 2 32
1 6 2 7
3 6 2 3
4 2 2 3
2 4 2 4
2 3 2 13
4 2 2 1
6 5 2 30
4 2 2 30
3 4 2 24
3 5 2 10
2 5 2 32
5 4 2 7
6 2 2 28
1 5 2 24
5 2 2 25
1 6 2 26
2 3 2 3
3 2 2 11
4 6 2 10
5 1 2 7
3 5 2 20
2 6 2 9
1 5 2 19
2 3 2 31
2 4 2 5
6 1 2 20
1 2 2 3
2 5 2 26
1 3 2 26
2 5 2 1
2 5 2 5
2 5 2 27
3 5 2 29
4 3 2 18
2 3 2 5
4 6 2 20
6 2 2 16
6 5 2 5
3 2 2 31
6 5 2 31
4 2 2 19
4 6 2 8
2 4 2 22
4 2 2 21
1 3 2 2
2 5 2 27
2 6 2 6
2 4 2 5
3 5 2 2
6 5 2 18
1 6 2 12
1 6 2 24
1 4 2 13
4 5 2 10
2 1 2 12
5 1 2 10
5 3 2 17
3 6 2 10
6 4 2 25
2 4 2 23
1 5 2 20
1 5 2 8
3 1 2 14
1 3 2 11
2 5 2 10
5 6 2 24
2 5 2 28
4 6 2 11
3 4 2 21
6 3 2 6
4 3 2 2
1 2 2 21
1 4 2 10
3 2 2 21
2 6 2 31
1 5 2 12
5 3 2 12
5 6 2 9
2 6 2 3
6 3 2 8
6 5 2 21
6 4 2 24
6 4 2 16
3 6 2 13
4 6 2 2
2 4 2 21
4 2 2 32
5 6 2 24
1 6 2 4
6 3 2 32
6 5 2 22
6 5 2 9
3 4 2 24
4 1 2 3
4 5 2 26
5 6 2 9
2 5 2 27
1 2 2 30
4 3 2 1
2 6 2 27
4 6 2 24
5 4 2 28
3 1 2 16
5 2 2 10
4 5 2 14
6 4 2 5
3 4 2 22
3 5 2 30
6 5 2 32
4 1 2 29
2 3 2 3
4 1 2 16
3 2 2 14
2 5 2 11
4 2 2 1
6 1 2 19
2 1 2 16
2 1 2 13
6 5 2 21
4 5 2 30
6 4 2 22
6 1 2 15
5 3 2 1
6 1 2 8
5 3 2 30
2 4 2 9
5 3 2 6
6 4 2 26
2 3 2 31
5 1 2 5
1 3 2 28
5 1 2 12
5 1 2 8
1 3 2 29
6 5 2 4
6 5 2 12
2 3 2 17
4 1 2 4
1 5 2 6
6 2 2 28
1 4 2 8
5 1 2 11
3 1 2 1
6 1 2 1
5 2 2 9
6 5 2 20
6 1 2 25
4 6 2 26
4 2 2 3
5 4 2 1
3 6 2 11
6 4 2 16
5 2 2 7
4 5 2 25
5 2 2 4
6 4 2 7
3 6 2 23
4 2 2 29
3 1 2 32
4 2 2 19
2 6 2 4
1 4 2 30
6 5 2 10
4 2 2 19
2 4 2 12
6 5 2 6
1 5 2 1
6 5 2 8
3 2 2 27
3 6 2 13
3 5 2 29
5 3 2 3
3 4 2 29
4 1 2 9
2 3 2 23
3 1 2 21
2 1 2 27
5 1 2 23
6 2 2 12
3 5 2 9
4 5 2 3
5 3 2 13
1 2 2 16
3 2 2 25
1 5 2 5
2 4 2 30
4 1 2 16
1 6 2 5
6 3 2 27
4 6 2 10
1 5 2 21
1 5 2 27
2 4 2 7
3 1 2 32
6 1 2 11
4 1 2 26
4 3 2 4
3 6 2 3
2 1 2 3
2 3 2 18
2 4 2 19
3 6 2 10
3 1 2 31
2 3 2 17
6 3 2 20
6 2 2 26
1 2 2 1
6 1 2 14
3 2 2 30
4 3 2 26
2 1 2 5
1 3 2 6
3 1 2 10
4 1 2 2
6 3 2 9
4 3 2 6
2 5 2 32
2 3 2 29
5 1 2 7
4 5 2 30
4 3 2 26
1 4 2 3
1 3 2 26
4 2 2 13
3 1 2 6
3 1 2 10
6 2 2 12
4 6 2 29
3 2 2 5
2 4 2 28
3 5 2 9
1 3 2 28
5 6 2 6
5 1 2 18
4 3 2 13
1 3 2 13
6 2 2 5
1 2 2 25
1 6 2 25
4 5 2 22
5 2 2 16
1 3 2 25
6 4 2 15
5 2 2 2
5 1 2 24
4 5 2 17
6 1 2 10
1 5 2 32
3 6 2 18
3 1 2 17
3 5 2 29
1 3 2 30
6 4 2 5
3 2 2 14
4 3 2 29
5 1 2 29
5 4 2 29
1 3 2 28
2 5 2 13
2 4 2 6
4 3 2 19
4 3 2 24
2 6 2 26
3 5 2 24
5 2 2 14
2 6 2 4
4 1 2 21
5 2 2 1
5 3 2 7
5 6 2 11
6 1 2 31
3 4 2 30
2 6 2 23
3 4 2 28
1 4 2 22
6 3 2 30
4 6 2 30
6 2 2 13
3 6 2 1
4 2 2 17
1 5 2 26
5 2 2 12
6 3 2 10
2 6 2 24
2 4 2 15
6 3 2 5
5 1 2 31
3 6 2 23
1 6 2 16
4 6 2 3
6 5 2 15
4 3 2 14
5 1 2 9
4 2 2 11
4 1 2 27
5 4 2 29
1 3 2 9
3 5 2 5
2 1 2 30
1 2 2 8
6 3 2 26
2 6 2 22
1 6 2 17
2 6 2 28
4 6 2 22
3 6 2 14
5 2 2 30
2 3 2 20
3 4 2 25
2 3 2 11
2 6 2 24
1 5 2 17
4 1 2 13
4 6 2 13
1 6 2 22
2 3 2 28
1 6 2 14
4 2 2 22
5 6 2 20
1 3 2 2
3 6 2 21
6 5 2 7
1 6 2 17
4 6 2 18
1 2 2 23
2 4 2 20
2 6 2 21
2 1 2 16
3 2 2 21
4 2 2 30
6 4 2 1
5 6 2 21
2 5 2 24
6 2 2 28
2 6 2 2
6 4 2 17
3 4 2 22
3 6 2 7
4 5 2 16
5 6 2 12
4 3 2 14
2 3 2 7
3 2 2 14
1 6 2 32
4 2 2 32
5 3 2 9
1 3 2 15
5 6 2 21
5 3 2 9
1 5 2 20
1 4 2 6
5 4 2 19
3 5 2 23
2 6 2 8
4 1 2 20
2 3 2 30
6 5 2 14
4 3 2 16
6 1 2 2
3 6 2 8
1 4 2 3
4 5 2 29
6 1 2 8
5 4 2 27
2 5 2 2
3 5 2 20
6 3 2 6
5 2 2 17
1 4 2 22
1 6 2 13
6 4 2 12
6 5 2 26
5 3 2 7
5 6 2 9
2 6 2 30
1 2 2 23
2 6 2 23
4 5 2 23
1 3 2 9
4 3 2 7
6 1 2 2
1 2 2 4
6 4 2 3
6 5 2 9
6 3 2 19
4 2 2 30
3 2 2 27
6 5 2 8
6 5 2 19
1 2 2 29
6 3 2 19
5 4 2 8
6 5 2 6
2 4 2 8
3 2 2 9
6 4 2 12
2 5 2 16
5 3 2 25
4 6 2 30
3 6 2 27
3 1 2 32
1 6 2 15
5 3 2 16
5 3 2 31
3 5 2 29
3 5 2 18
2 6 2 16
3 2 2 27
4 6 2 6
5 2 2 23
1 3 2 8
1 2 2 11
2 4 2 1
4 1 2 11
2 3 2 8
6 1 2 26
3 5 2 24
4 6 2 17
2 3 2 6
3 1 2 21
5 3 2 21
1 5 2 9
6 4 2 8
6 3 2 27
3 2 2 8
1 4 2 3
3 6 2 30
2 4 2 19
3 5 2 7
5 3 2 18
3 4 2 18
3 5 2 8
2 6 2 2
6 1 2 17
6 3 2 4
4 3 2 9
4 5 2 14
3 6 2 16
2 3 2 20
2 5 2 2
4 1 2 22
3 5 2 11
5 6 2 20
4 3 2 11
1 4 2 27
3 5 2 26
4 5 2 7
3 4 2 23
1 5 2 6
2 6 2 14
2 6 2 17
2 4 2 30
5 2 2 29
1 2 2 21
2 4 2 24
2 1 2 14
3 2 2 4
4 2 2 28
5 3 2 9
3 2 2 15
1 5 2 17
2 3 2 17
1 5 2 7
1 6 2 3
6 2 2 22
5 4 2 30
1 6 2 22
6 4 2 14
2 3 2 19
1 4 2 4
5 4 2 12
3 2 2 9
2 5 2 4
1 4 2 31
4 6 2 8
4 3 2 32
4 2 2 21
3 1 2 20
2 6 2 25
3 5 2 28
6 3 2 19
2 1 2 21
3 6 2 22
5 6 2 28
3 5 2 25
6 2 2 11
6 5 2 23
1 4 2 7
3 2 2 27
3 6 2 14
2 6 2 25
4 5 2 20
5 4 2 9
4 5 2 12
4 1 2 5
3 6 2 2
2 6 2 8
2 1 2 4
2 5 2 17
2 3 2 8
1 5 2 17
6 4 2 12
3 4 2 13
6 5 2 32
4 1 2 21
4 2 2 24
6 3 2 17
6 2 2 6
1 6 2 11
2 1 2 1
6 4 2 26
1 4 2 16
6 5 2 30
1 4 2 26
1 2 2 3
3 5 2 21
3 4 2 32
3 4 2 28
5 6 2 2
1 2 2 22
3 6 2 23
6 3 2 10
1 2 2 23
2 4 2 4
6 5 2 14
2 4 2 26
4 6 2 31
4 2 2 3
3 2 2 3
2 3 2 17
2 6 2 4
6 1 2 4
4 5 2 26
1 4 2 5
5 6 2 12
2 3 2 6
6 2 2 30
5 4 2 11
4 2 2 1
5 3 2 17
3 1 2 6
4 5 2 13
4 6 2 24
2 4 2 30
1 2 2 29
2 4 2 1
2 5 2 9
6 3 2 6
3 2 2 9
4 2 2 31
5 4 2 22
5 4 2 21
6 4 2 24
5 2 2 23
3 1 2 24
4 3 2 17
3 6 2 22
2 6 2 11
1 6 2 21
1 2 2 16
5 6 2 14
1 6 2 31
3 4 2 22
2 1 2 24
2 1 2 23
4 1 2 15
3 5 2 29
6 4 2 22
3 2 2 19
3 5 2 26
1 3 2 1
2 4 2 20
2 4 2 21
2 1 2 20
2 1 2 32
5 6 2 8
2 3 2 16
2 4 2 31
1 5 2 10
3 2 2 13
1 3 2 10
6 5 2 13
4 5 2 19
1 6 2 18
5 3 2 31
2 6 2 15
5 2 2 11
4 6 2 29
3 4 2 22
4 6 2 17
5 2 2 19
3 6 2 31
1 4 2 2
6 2 2 6
5 4 2 24
3 2 2 15
3 4 2 20
3 1 2 15
4 1 2 15
4 2 2 7
1 5 2 2
1 4 2 18
6 5 2 16
2 3 2 16
2 5 2 30
3 1 2 16
6 4 2 24
6 2 2 25
4 1 2 29
5 2 2 32
2 5 2 6
4 6 2 6
3 4 2 29
5 3 2 25
4 1 2 11
6 4 2 23
6 5 2 1
2 5 2 29
2 6 2 7
6 4 2 7
1 6 2 21
6 3 2 32
1 5 2 10
5 6 2 2
3 2 2 2
2 1 2 3
5 2 2 24
4 1 2 20
3 5 2 9
3 1 2 26
4 2 2 25
1 3 2 17
2 3 2 19
4 3 2 18
3 2 2 9
2 4 2 3
5 4 2 9
4 2 2 9
5 1 2 6
5 3 2 12
6 1 2 26
1 4 2 22
3 2 2 27
6 5 2 23
5 6 2 25
2 3 2 18
1 2 2 4
1 2 2 25
5 4 2 25
6 1 2 8
1 4 2 6
5 2 2 30
6 2 2 3
2 3 2 10
5 6 2 30
3 5 2 22
4 5 2 8
6 2 2 7
3 1 2 23
6 3 2 2
6 4 2 26
5 1 2 11
3 5 2 12
1 6 2 27
4 5 2 15
2 4 2 17
4 5 2 9
5 2 2 24
6 2 2 8
5 6 2 12
6 3 2 18
2 1 2 15
4 5 2 5
2 3 2 31
4 6 2 26
1 5 2 26
4 5 2 11
1 4 2 8
1 3 2 21
3 1 2 1
4 6 2 6
2 4 2 12
1 6 2 7
4 5 2 1
3 4 2 15
3 1 2 3
1 5 2 26
4 3 2 1
5 1 2 20
4 3 2 31
2 5 2 28
6 1 2 1
6 1 2 6
1 5 2 15
6 4 2 5
4 6 2 26
4 6 2 24
5 2 2 16
6 2 2 14
2 5 2 9
3 6 2 28
1 3 2 16
6 3 2 22
3 6 2 20
2 6 2 28
2 3 2 20
4 1 2 3
3 6 2 3
2 1 2 32
3 6 2 16
6 3 2 19
6 5 2 32
6 1 2 11
2 4 2 19
4 1 2 18
3 6 2 8
6 5 2 26
1 6 2 4
6 1 2 29
5 4 2 4
2 5 2 4
3 2 2 6
3 2 2 30
3 2 2 24
4 5 2 18
3 2 2 25
6 3 2 25
3 6 2 11
4 5 2 7
4 2 2 7
1 4 2 11
3 1 2 26
1 2 2 30
3 4 2 5
6 5 2 8
5 6 2 2
5 6 2 2
3 5 2 9
5 1 2 13
5 3 2 11
2 4 2 25
3 5 2 4
5 3 2 12
5 2 2 13
1 4 2 30
3 6 2 6
6 2 2 11
2 1 2 11
1 5 2 17
6 4 2 17
6 4 2 20
6 3 2 4
4 5 2 13
1 4 2 17
6 3 2 2
1 4 2 22
1 4 2 12
5 1 2 9
4 5 2 30
4 2 2 23
6 1 2 13
5 6 2 30
6 5 2 17
6 5 2 1
2 6 2 6
6 1 2 18
1 4 2 25
1 3 2 1
5 2 2 22
3 2 2 20
5 6 2 15
4 1 2 15
1 5 2 32
3 4 2 6
5 1 2 5
5 3 2 6
6 2 2 30
4 2 2 8
3 1 2 17
4 3 2 29
6 4 2 19
3 6 2 26
6 1 2 9
4 5 2 31
3 1 2 17
6 1 2 21
6 5 2 23
6 3 2 27
4 6 2 21
1 4 2 2
2 5 2 11
3 5 2 9
4 2 2 30
5 3 2 30
1 5 2 6
1 4 2 26
2 5 2 29
6 4 2 26
3 4 2 7
3 2 2 6
1 2 2 1
5 2 2 23
4 2 2 14
3 6 2 31
3 1 2 27
5 6 2 15
2 1 2 30
6 1 2 16
5 1 2 29
6 2 2 14
4 2 2 1
5 4 2 5
6 2 2 29
3 5 2 30
2 1 2 4
1 2 2 27
2 5 2 29
2 6 2 14
1 6 2 3
6 3 2 25
2 5 2 7
2 6 2 18
1 6 2 15
3 6 2 15
6 4 2 29
5 2 2 6
1 3 2 13
5 2 2 25
2 1 2 27
6 4 2 32
2 5 2 4
6 1 2 21
5 2 2 10
1 3 2 18
3 2 2 5
6 1 2 28
4 3 2 14
6 3 2 10
5 3 2 20
5 2 2 1
5 3 2 31
2 6 2 32
4 1 2 22
2 4 2 32
6 2 2 14
1 2 2 13
6 3 2 32
5 3 2 26
4 3 2 7
3 4 2 23
6 1 2 20
6 5 2 31
5 1 2 13
3 5 2 1
3 4 2 22
5 1 2 24
2 3 2 28
2 6 2 13
6 2 2 14
4 1 2 13
2 1 2 23
2 3 2 30
5 4 2 15
4 2 2 17
4 5 2 3
1 3 2 12
4 2 2 11
4 5 2 3
1 2 2 17
4 1 2 6
3 6 2 6
1 4 2 8
6 2 2 9
1 6 2 7
4 1 2 21
1 5 2 17
1 4 2 22
2 5 2 13
1 2 2 6
5 2 2 17
4 1 2 10
1 5 2 10
4 2 2 14
6 5 2 13
5 1 2 13
2 5 2 6
4 5 2 22
4 6 2 14
4 1 2 19
4 5 2 26
3 4 2 13
6 4 2 28
1 4 2 11
6 1 2 1
6 2 2 17
3 2 2 12
3 2 2 14
1 4 2 9
6 1 2 23
3 5 2 24
6 5 2 32
6 2 2 18
1 4 2 9
4 6 2 26
2 5 2 5
1 4 2 30
6 4 2 7
6 4 2 17
6 3 2 24
2 6 2 31
6 3 2 19
3 1 2 12
3 1 2 23
2 5 2 20
2 4 2 21
2 5 2 18
6 4 2 22
1 3 2 6
4 5 2 19
6 3 2 25
6 3 2 12
2 3 2 25
6 1 2 15
3 6 2 13
6 3 2 12
1 4 2 22
5 6 2 32
4 1 2 13
2 3 2 24
6 3 2 11
5 4 2 25
3 4 2 22
5 4 2 4
3 1 2 31
1 4 2 7
2 1 2 23
3 4 2 25
3 4 2 1
3 5 2 7
4 2 2 11
6 2 2 17
1 2 2 32
6 2 2 21
3 6 2 17
5 3 2 24
4 5 2 15
6 4 2 21
5 3 2 11
2 5 2 32
1 2 2 14
2 1 2 8
1 4 2 18
3 1 2 15
6 4 2 2
4 1 2 20
3 2 2 12
1 4 2 17
2 1 2 5
3 6 2 4
6 2 2 1
2 1 2 12
6 2 2 24
5 1 2 17
4 1 2 15
5 1 2 24
6 2 2 12
5 6 2 13
5 2 2 25
5 3 2 19
4 2 2 8
6 5 2 28
4 3 2 18
4 3 2 32
2 6 2 14
1 2 2 29
3 2 2 5
3 4 2 32
4 6 2 15
4 3 2 29
5 3 2 15
4 5 2 27
4 2 2 29
1 2 2 26
3 5 2 27
4 6 2 13
4 2 2 26
6 4 2 4
5 1 2 31
3 1 2 10
3 1 2 24
1 4 2 31
3 4 2 20
6 1 2 15
3 1 2 29
4 5 2 2
6 2 2 5
2 4 2 10
5 4 2 7
4 1 2 21
4 1 2 22
4 2 2 6
5 6 2 19
3 5 2 7
6 3 2 16
6 2 2 2
1 3 2 3
5 2 2 4
6 4 2 20
2 1 2 22
6 5 2 30
2 3 2 24
6 4 2 32
6 4 2 28
6 4 2 5
3 6 2 26
2 1 2 29
3 4 2 4
5 3 2 8
2 1 2 20
6 2 2 5
3 1 2 24
5 3 2 20
5 6 2 21
6 5 2 11
6 1 2 11
5 6 2 11
1 4 2 30
2 6 2 16
5 6 2 25
3 4 2 18
2 4 2 18
3 5 2 27
5 1 2 14
1 5 2 22
3 4 2 23
4 6 2 13
5 4 2 28
6 1 2 21
1 5 2 11
3 6 2 31
5 1 2 2
4 3 2 22
2 3 2 8
5 1 2 4
1 6 2 31
2 1 2 26
3 1 2 9
1 4 2 7
3 2 2 11
6 3 2 12
4 6 2 8
3 4 2 14
3 1 2 15
1 3 2 27
2 6 2 18
2 5 2 20
6 1 2 28
5 1 2 14
6 2 2 14
6 4 2 25
2 3 2 1
3 4 2 20
2 5 2 1
6 2 2 13
6 5 2 7
2 6 2 15
3 5 2 9
5 1 2 24
4 3 2 17
2 5 2 24
6 1 2 30
1 4 2 9
6 5 2 29
1 5 2 2
5 4 2 13
4 6 2 17
6 3 2 14
6 5 2 25
4 2 2 13
5 6 2 13
2 5 2 24
2 1 2 14
1 6 2 23
4 5 2 13
4 6 2 30
4 3 2 19
5 2 2 3
2 3 2 31
4 5 2 30
6 4 2 24
4 5 2 32
6 3 2 17
3 2 2 28
6 1 2 4
5 4 2 13
4 5 2 2
6 3 2 5
1 3 2 18
1 3 2 27
5 4 2 30
6 5 2 28
1 2 2 18
4 6 2 9
6 3 2 8
2 6 2 23
2 5 2 15
2 4 2 24
4 2 2 3
2 3 2 22
2 1 2 27
1 4 2 9
2 6 2 19
6 2 2 14
6 1 2 18
3 5 2 4
1 2 2 2
6 3 2 26
3 2 2 27
6 2 2 28
6 5 2 4
2 5 2 17
2 3 2 22
5 1 2 4
5 4 2 19
4 5 2 8
3 2 2 15
1 2 2 12
2 6 2 10
2 4 2 24
4 5 2 4
3 5 2 24
4 1 2 14
1 5 2 13
4 3 2 20
6 1 2 4
3 1 2 25
3 5 2 31
4 1 2 10
4 3 2 15
5 3 2 15
1 4 2 2
3 2 2 2
4 5 2 12
2 3 2 14
5 3 2 22
4 5 2 13
5 6 2 15
1 5 2 11
1 2 2 23
1 3 2 15
5 2 2 21
3 1 2 15
5 2 2 21
2 3 2 21
2 4 2 7
2 5 2 23
1 3 2 19
5 3 2 20
2 5 2 23
5 4 2 15
6 4 2 9
6 1 2 25
1 2 2 7
4 5 2 32
6 2 2 32
5 2 2 15
5 2 2 8
6 3 2 29
1 2 2 22
2 3 2 13
4 2 2 9
5 4 2 1
2 4 2 8
5 1 2 14
4 1 2 9
1 4 2 26
2 1 2 19
5 4 2 22
4 1 2 12
5 1 2 23
5 6 2 28
6 1 2 6
3 5 2 24
3 2 2 16
5 1 2 22
2 3 2 3
6 2 2 4
4 3 2 21
1 6 2 6
6 2 2 26
1 4 2 23
6 1 2 24
6 5 2 12
2 6 2 21
1 4 2 11
3 1 2 30
6 2 2 19
2 3 2 21
1 4 2 22
3 1 2 13
4 2 2 5
2 6 2 17
5 6 2 27
1 4 2 27
5 6 2 5
4 2 2 16
2 3 2 2
3 1 2 16
3 1 2 9
5 1 2 29
5 4 2 1
6 1 2 29
1 2 2 4
6 5 2 24
2 1 2 5
3 1 2 6
3 6 2 3
2 6 2 16
5 4 2 22
5 6 2 22
3 1 2 28
2 4 2 30
4 1 2 3
6 2 2 10
5 4 2 10
4 6 2 7
1 2 2 9
4 2 2 29
3 5 2 26
4 6 2 24
6 4 2 17
6 4 2 8
2 5 2 6
3 5 2 11
2 1 2 10
2 1 2 1
3 4 2 21
3 4 2 22
1 5 2 18
2 1 2 15
4 2 2 32
1 2 2 11
2 5 2 19
4 3 2 27
1 3 2 7
4 5 2 6
1 2 2 24
3 2 2 25
3 5 2 6
6 5 2 22
6 3 2 24
3 1 2 17
3 6 2 17
1 4 2 12
2 1 2 29
6 5 2 25
5 2 2 21
5 1 2 2
5 6 2 6
6 2 2 15
3 2 2 24
3 6 2 23
4 1 2 3
4 1 2 12
1 4 2 16
2 3 2 2
5 6 2 4
5 6 2 16
5 6 2 18
3 1 2 17
3 1 2 22
4 6 2 15
3 6 2 15
4 1 2 20
3 2 2 4
3 2 2 24
1 3 2 2
4 3 2 5
4 1 2 3
4 1 2 25
3 5 2 30
3 5 2 17
2 6 2 29
1 5 2 8
2 1 2 25
5 6 2 27
1 2 2 4
2 5 2 25
5 1 2 21
4 5 2 16
5 4 2 30
3 2 2 22
1 2 2 1
6 2 2 3
4 3 2 28
6 3 2 7
6 5 2 28
4 3 2 15
1 5 2 1
4 2 2 19
2 5 2 3
6 5 2 28
5 2 2 13
1 5 2 32
6 2 2 32
6 2 2 9
1 4 2 4
2 3 2 32
6 4 2 8
3 5 2 6
5 6 2 14
4 3 2 12
6 2 2 6
3 5 2 25
5 2 2 3
4 2 2 6
5 1 2 30
2 6 2 4
6 5 2 13
1 4 2 1
3 2 2 9
6 2 2 19
3 6 2 15
5 6 2 25
2 6 2 2
6 2 2 20
3 5 2 14
3 6 2 4
1 3 2 22
5 3 2 24
2 1 2 5
5 2 2 20
5 4 2 21
4 2 2 12
2 4 2 29
6 5 2 30
6 4 2 16
3 6 2 10
2 3 2 19
1 3 2 20
2 4 2 15
6 1 2 19
5 4 2 29
4 1 2 17
6 3 2 24
4 3 2 14
4 5 2 8
5 1 2 30
6 4 2 23
4 3 2 22
2 1 2 5
1 3 2 4
1 2 2 25
2 4 2 25
3 1 2 9
4 3 2 17
3 5 2 12
6 5 2 25
6 3 2 13
2 4 2 10
2 4 2 16
5 1 2 13
6 4 2 15
3 1 2 16
4 1 2 24
3 6 2 22
1 5 2 15
4 2 2 20
3 1 2 12
4 2 2 27
5 3 2 30
1 5 2 28
6 4 2 12
1 6 2 12
6 1 2 25
3 4 2 22
2 4 2 8
5 3 2 26
4 5 2 5
6 2 2 28
1 3 2 11
4 6 2 16
5 4 2 7
2 1 2 6
3 6 2 26
5 2 2 21
6 2 2 16
5 6 2 12
4 2 2 28
3 2 2 1
2 5 2 28
4 1 2 32
2 4 2 28
5 1 2 9
4 6 2 31
2 4 2 1
2 1 2 4
2 1 2 6
4 2 2 11
4 3 2 10
6 1 2 8
3 2 2 12
3 1 2 29
4 6 2 16
2 6 2 24
3 2 2 17
2 6 2 20
3 2 2 2
5 1 2 26
6 3 2 11
5 2 2 8
1 2 2 18
4 1 2 31
4 6 2 24
2 6 2 14
6 5 2 9
1 2 2 22
2 1 2 4
2 6 2 20
1 5 2 3
5 1 2 14
3 4 2 2
3 6 2 7
5 4 2 32
1 2 2 13
3 5 2 31
4 6 2 23
6 2 2 28
3 1 2 18
2 4 2 26
1 5 2 18
6 1 2 17
6 3 2 19
1 6 2 4
2 6 2 4
3 5 2 12
1 6 2 11
1 3 2 25
4 5 2 25
2 1 2 22
4 1 2 3
4 3 2 19
4 2 2 21
5 3 2 18
2 5 2 1
1 3 2 11
6 5 2 11
5 6 2 17
2 5 2 23
3 1 2 22
1 2 2 1
1 2 2 7
3 1 2 29
2 6 2 28
2 3 2 25
5 4 2 17
1 3 2 30
6 1 2 30
5 1 2 8
6 4 2 18
2 5 2 16
3 5 2 21
1 6 2 23
1 5 2 6
4 6 2 19
2 6 2 21
2 4 2 10
5 2 2 10
2 4 2 4
1 4 2 16
1 4 2 24
3 1 2 7
5 4 2 16
3 4 2 14
3 6 2 25
3 6 2 1
4 3 2 19
1 3 2 20
6 3 2 21
6 1 2 21
3 4 2 18
6 1 2 2
5 2 2 4
4 2 2 31
2 4 2 11
5 3 2 26
1 5 2 25
5 6 2 14
6 3 2 27
5 3 2 28
4 6 2 9
1 6 2 11
2 5 2 23
2 4 2 18
2 3 2 13
4 2 2 23
3 4 2 3
6 1 2 10
2 1 2 29
5 1 2 28
3 5 2 14
3 4 2 24
5 1 2 19
4 6 2 6
1 4 2 1
3 1 2 9
4 5 2 23
4 1 2 23
3 1 2 9
1 6 2 3
4 1 2 23
5 6 2 7
1 5 2 10
6 1 2 18
2 6 2 3
4 2 2 24
6 3 2 4
3 6 2 22
1 6 2 21
4 1 2 14
6 5 2 17
5 1 2 17
2 5 2 7
5 6 2 31
3 1 2 31
4 3 2 2
3 1 2 18
2 4 2 3
5 3 2 12
6 5 2 17
6 1 2 9
2 1 2 30
3 1 2 9
1 6 2 4
4 3 2 5
2 5 2 24
3 6 2 17
1 2 2 18
3 6 2 32
3 6 2 6
2 4 2 25
5 6 2 18
1 2 2 3
2 3 2 19
1 4 2 18
3 2 2 21
2 6 2 16
1 2 2 32
2 4 2 21
1 4 2 6
4 6 2 27
5 4 2 4
6 5 2 2
3 4 2 22
4 5 2 20
4 1 2 31
6 3 2 26
1 3 2 3
6 4 2 2
2 3 2 22
6 3 2 29
4 1 2 25
6 1 2 1
5 2 2 12
5 4 2 13
5 4 2 22
3 1 2 2
6 4 2 4
5 6 2 29
3 6 2 27
6 5 2 1
3 5 2 20
4 2 2 14
2 4 2 22
3 1 2 19
3 1 2 32
4 6 2 18
1 5 2 22
6 5 2 17
1 6 2 29
2 1 2 11
3 5 2 13
6 1 2 5
5 3 2 18
6 5 2 10
3 6 2 11
3 5 2 4
3 1 2 3
3 4 2 23
2 5 2 22
3 5 2 31
6 3 2 19
1 6 2 7
2 6 2 4
3 5 2 13
1 4 2 18
6 1 2 14
3 6 2 24
6 2 2 4
4 3 2 29
6 1 2 3
5 1 2 16
2 1 2 32
2 5 2 7
5 4 2 19
2 1 2 5
4 5 2 31
5 4 2 19
3 1 2 28
2 3 2 4
1 4 2 8
2 1 2 8
2 6 2 23
1 3 2 8
3 6 2 5
6 4 2 12
4 3 2 28
3 5 2 31
5 2 2 9
3 1 2 24
5 3 2 23
4 1 2 29
3 2 2 18
2 4 2 6
5 1 2 24
2 5 2 8
3 1 2 18
3 5 2 21
3 5 2 10
4 3 2 25
4 6 2 20
6 1 2 21
1 6 2 27
6 4 2 19
3 5 2 31
3 4 2 15
4 6 2 12
5 2 2 21
6 5 2 13
1 5 2 2
4 5 2 20
2 1 2 24
1 6 2 18
5 6 2 19
5 1 2 31
1 2 2 7
2 3 2 27
6 4 2 23
4 5 2 12
3 6 2 13
4 5 2 13
2 3 2 1
5 3 2 20
4 2 2 28
2 3 2 5
4 6 2 16
1 5 2 17
3 5 2 30
5 2 2 10
2 3 2 5
2 4 2 9
3 4 2 1
5 2 2 27
1 5 2 5
3 2 2 10
3 4 2 24
3 1 2 13
2 1 2 26
4 1 2 25
5 6 2 25
5 6 2 26
3 5 2 31
6 2 2 25
2 6 2 2
6 4 2 9
5 4 2 6
6 1 2 22
6 5 2 16
4 6 2 32
2 6 2 20
1 3 2 9
6 4 2 15
2 6 2 24
3 5 2 15
3 2 2 27
4 5 2 27
1 4 2 27
1 2 2 15
1 3 2 14
1 3 2 21
3 6 2 18
5 2 2 9
6 5 2 3
1 6 2 16
2 6 2 8
4 5 2 13
2 3 2 3
5 6 2 28
2 5 2 32
3 6 2 9
5 1 2 15
3 5 2 2
3 6 2 30
5 2 2 14
1 2 2 24
6 5 2 7
2 1 2 14
4 1 2 13
5 1 2 5
4 2 2 27
1 3 2 27
3 1 2 8
4 1 2 29
4 3 2 6
6 3 2 32
1 6 2 5
2 6 2 10
5 4 2 11
1 6 2 28
5 4 2 7
3 4 2 29
1 5 2 3
1 2 2 18
6 3 2 25
1 5 2 20
5 4 2 24
5 1 2 1
4 5 2 17
2 4 2 3
1 3 2 4
6 2 2 3
2 1 2 13
6 3 2 11
4 3 2 20
2 3 2 21
4 2 2 24
5 4 2 22
4 1 2 14
6 5 2 8
1 5 2 16
4 5 2 4
1 2 2 31
5 3 2 32
5 3 2 12
3 1 2 25
1 2 2 22
6 4 2 25
5 6 2 8
4 1 2 20
3 4 2 19
6 1 2 1
2 5 2 15
6 4 2 14
2 5 2 32
6 4 2 20
5 2 2 21
5 1 2 8
6 3 2 9
6 1 2 9
4 3 2 1
6 3 2 16
1 6 2 15
2 6 2 22
5 2 2 30
1 5 2 3
4 3 2 16
4 1 2 3
5 2 2 17
1 6 2 4
3 2 2 28
5 2 2 26
1 5 2 23
6 4 2 1
3 2 2 23
1 5 2 8
6 4 2 29
3 1 2 15
4 3 2 18
2 6 2 22
1 4 2 31
2 6 2 10
1 3 2 8
4 3 2 28
5 2 2 32
3 4 2 21
5 4 2 9
2 3 2 12
2 5 2 6
6 4 2 3
3 1 2 15
2 3 2 15
1 2 2 25
4 3 2 12
4 6 2 21
1 4 2 9
3 4 2 22
2 3 2 19
4 2 2 11
1 6 2 21
3 4 2 3
3 6 2 8
1 6 2 28
4 5 2 4
4 6 2 22
2 6 2 20
1 4 2 22
6 5 2 9
5 4 2 20
4 1 2 11
3 4 2 32
4 6 2 1
1 2 2 7
2 6 2 5
2 4 2 25
6 2 2 22
5 4 2 13
5 1 2 25
3 6 2 26
1 2 2 25
5 1 2 10
2 1 2 25
2 3 2 18
6 3 2 3
6 3 2 15
1 4 2 10
6 5 2 14
5 2 2 22
3 1 2 14
2 4 2 7
5 6 2 17
4 1 2 28
2 1 2 30
1 5 2 15
2 5 2 31
1 3 2 17
5 2 2 31
5 2 2 3
1 4 2 15
6 4 2 15
4 2 2 24
5 6 2 15
4 2 2 26
2 1 2 6
4 2 2 23
1 6 2 28
1 5 2 19
6 4 2 15
6 2 2 25
1 5 2 23
2 3 2 7
1 6 2 23
5 4 2 20
6 3 2 32
2 5 2 6
2 1 2 21
1 5 2 4
1 5 2 20
3 6 2 5
6 3 2 2
4 3 2 18
2 5 2 14
5 2 2 14
1 4 2 31
6 1 2 11
4 3 2 4
5 1 2 22
6 5 2 31
5 2 2 22
3 6 2 10
5 1 2 23
3 1 2 3
4 1 2 27
4 5 2 15
1 4 2 8
2 6 2 1
1 5 2 7
3 2 2 32
1 6 2 29
2 4 2 27
1 2 2 5
6 3 2 20
6 2 2 31
1 3 2 19
4 6 2 29
5 4 2 25
2 1 2 5
5 4 2 1
1 4 2 22
4 5 2 17
5 6 2 21
5 1 2 6
2 3 2 9
6 1 2 32
2 6 2 12
1 2 2 30
4 3 2 7
5 2 2 18
5 3 2 19
3 6 2 13
2 6 2 18
6 4 2 6
6 2 2 22
5 1 2 31
3 2 2 28
6 4 2 12
6 4 2 2
5 3 2 16
3 6 2 26
2 3 2 32
3 2 2 28
1 4 2 15
4 3 2 23
6 1 2 16
1 2 2 6
2 6 2 23
3 1 2 3
6 1 2 21
1 5 2 5
5 6 2 11
5 3 2 19
3 5 2 13
4 5 2 10
3 1 2 17
4 1 2 21
3 1 2 15
5 6 2 8
1 4 2 27
5 4 2 32
6 2 2 23
6 4 2 12
3 1 2 29
6 2 2 8
1 2 2 26
2 3 2 9
2 3 2 25
2 1 2 15
2 3 2 22
1 4 2 8
1 3 2 15
5 6 2 24
2 1 2 20
1 3 2 25
6 2 2 4
5 1 2 2
4 1 2 22
6 4 2 15
2 5 2 10
3 2 2 12
4 1 2 3
4 2 2 19
4 2 2 12
4 2 2 8
5 4 2 28
2 3 2 25
2 3 2 28
1 6 2 23
3 2 2 8
5 6 2 28
1 2 2 8
3 5 2 18
2 4 2 26
3 5 2 32
5 4 2 18
4 3 2 24
6 4 2 14
1 6 2 10
6 4 2 30
1 2 2 25
2 4 2 15
1 4 2 12
6 3 2 32
5 6 2 12
4 6 2 27
4 2 2 6
5 3 2 29
4 1 2 20
6 5 2 28
2 5 2 5
2 1 2 4
4 2 2 26
3 2 2 23
6 1 2 9
3 4 2 9
1 6 2 24
4 3 2 4
4 2 2 2
3 2 2 31
2 5 2 29
6 1 2 24
5 3 2 28
2 3 2 32
6 4 2 4
3 2 2 29
3 6 2 10
5 3 2 27
4 5 2 16
2 5 2 2
1 6 2 21
3 4 2 14
1 3 2 5
4 6 2 28
2 5 2 23
5 3 2 12
1 4 2 14
4 1 2 16
1 3 2 5
6 2 2 1
3 2 2 22
5 2 2 24
2 6 2 17
2 1 2 22
4 2 2 32
1 6 2 20
2 1 2 7
2 6 2 5
1 3 2 18
1 4 2 1
3 1 2 12
2 3 2 20
4 2 2 14
4 6 2 26
3 6 2 12
4 2 2 22
3 2 2 1
4 1 2 10
3 1 2 9
1 4 2 26
5 4 2 32
1 6 2 4
3 4 2 5
6 5 2 29
5 3 2 11
6 3 2 28
3 2 2 25
5 4 2 14
1 2 2 7
4 6 2 17
4 6 2 4
6 1 2 10
5 3 2 4
5 2 2 17
6 1 2 17
4 2 2 19
6 1 2 20
3 6 2 22
2 6 2 28
3 5 2 19
6 1 2 3
1 6 2 3
6 5 2 3
5 4 2 1
1 6 2 13
5 6 2 21
1 2 2 5
1 6 2 31
1 4 2 19
3 6 2 7
2 1 2 11
6 4 2 24
3 4 2 13
5 6 2 15
3 5 2 10
6 3 2 31
1 4 2 12
3 2 2 14
6 4 2 15
4 5 2 19
3 6 2 19
2 5 2 13
1 5 2 10
3 1 2 29
4 5 2 2
5 2 2 30
6 1 2 31
4 6 2 27
1 5 2 29
5 2 2 30
3 4 2 2
6 4 2 1
6 2 2 19
4 6 2 23
5 2 2 9
6 1 2 5
3 5 2 11
6 2 2 26
1 4 2 5
6 3 2 4
4 6 2 9
1 3 2 26
2 5 2 18
4 2 2 19
3 1 2 28
2 3 2 10
4 3 2 30
4 5 2 10
5 3 2 7
5 6 2 1
3 2 2 5
5 1 2 13
2 4 2 1
2 6 2 26
1 2 2 4
5 6 2 12
6 3 2 9
6 1 2 9
1 3 2 13
2 6 2 2
2 4 2 11
2 6 2 7
1 5 2 12
6 3 2 24
2 4 2 27
4 6 2 21
2 6 2 28
6 1 2 12
3 2 2 24
6 3 2 12
2 4 2 1
5 3 2 5
2 1 2 19
4 1 2 26
5 2 2 2
5 1 2 19
5 6 2 31
1 2 2 11
6 2 2 3
6 2 2 29
2 1 2 6
4 2 2 26
5 3 2 22
4 1 2 20
1 5 2 12
5 3 2 11
2 6 2 26
4 5 2 16
6 3 2 11
2 3 2 26
3 4 2 3
2 4 2 24
4 1 2 32
5 6 2 16
4 1 2 15
1 6 2 31
4 1 2 17
1 2 2 11
3 6 2 31
3 4 2 21
3 1 2 29
2 4 2 30
5 2 2 25
3 1 2 20
2 4 2 13
1 2 2 10
5 2 2 1
3 2 2 32
4 5 2 1
4 3 2 18
4 1 2 12
2 5 2 29
1 3 2 11
2 1 2 1
3 6 2 25
2 5 2 27
5 4 2 27
1 6 2 16
2 4 2 22
1 5 2 28
5 2 2 30
2 4 2 6
5 1 2 5
6 5 2 29
4 2 2 20
6 5 2 11
6 3 2 10
4 2 2 14
4 2 2 17
6 2 2 24
6 3 2 26
2 5 2 11
4 5 2 20
3 4 2 15
6 5 2 3
5 3 2 31
6 4 2 30
6 3 2 21
3 2 2 14
1 6 2 13
6 5 2 5
3 6 2 24
6 1 2 10
3 4 2 26
3 6 2 6
6 5 2 27
5 3 2 1
3 6 2 10
2 4 2 23
3 6 2 13
6 4 2 6
2 3 2 30
1 4 2 32
4 3 2 5
6 5 2 27
5 3 2 14
4 6 2 15
4 6 2 32
1 4 2 30
4 5 2 2
4 5 2 5
4 6 2 25
4 1 2 21
3 6 2 14
2 4 2 9
2 6 2 21
4 2 2 1
2 1 2 26
3 6 2 30
5 1 2 18
6 4 2 15
6 1 2 9
1 4 2 10
2 3 2 15
3 4 2 20
4 2 2 25
6 1 2 4
1 4 2 10
4 3 2 14
2 5 2 27
3 4 2 23
1 3 2 15
2 4 2 4
2 5 2 3
1 4 2 16
1 5 2 3
4 3 2 21
5 2 2 28
3 2 2 31
4 1 2 2
2 6 2 7
3 1 2 1
6 1 2 27
4 1 2 3
1 2 2 23
1 4 2 20
1 3 2 18
6 5 2 4
6 4 2 1
2 6 2 2
4 2 2 29
3 2 2 25
3 2 2 3
3 2 2 28
6 3 2 20
5 4 2 13
2 6 2 29
4 1 2 26
6 4 2 24
2 5 2 27
3 2 2 10
2 6 2 32
6 4 2 15
3 1 2 18
1 3 2 8
2 3 2 32
5 4 2 23
3 6 2 27
6 3 2 24
1 4 2 20
3 6 2 7
5 2 2 3
4 1 2 28
3 4 2 15
1 3 2 28
4 5 2 3
2 1 2 15
3 1 2 5
6 2 2 8
1 4 2 25
1 3 2 20
6 5 2 24
3 6 2 1
6 4 2 17
4 5 2 9
3 6 2 16
4 6 2 29
4 6 2 21
1 2 2 32
2 1 2 1
5 1 2 17
2 1 2 22
2 4 2 15
5 1 2 21
4 2 2 27
5 6 2 18
6 2 2 27
2 6 2 8
2 4 2 13
5 3 2 7
1 2 2 26
3 6 2 3
2 6 2 2
1 2 2 9
6 4 2 28
5 2 2 25
4 1 2 9
6 2 2 16
2 1 2 1
2 4 2 1
2 3 2 2
5 4 2 10
2 3 2 15
3 1 2 5
1 5 2 27
6 4 2 25
5 2 2 26
6 5 2 14
5 1 2 26
6 2 2 5
2 6 2 18
3 5 2 22
5 4 2 31
5 3 2 32
4 1 2 32
4 1 2 20
4 5 2 32
2 6 2 3
2 4 2 28
1 6 2 28
4 2 2 17
3 4 2 23
1 2 2 6
6 2 2 3
3 1 2 32
2 4 2 9
4 1 2 30
4 1 2 24
5 1 2 26
4 5 2 25
1 4 2 20
3 6 2 17
1 5 2 7
4 5 2 24
2 1 2 13
6 3 2 4
3 6 2 11
5 1 2 19
1 2 2 29
5 1 2 25
1 3 2 20
6 4 2 17
3 4 2 12
1 3 2 29
5 6 2 12
1 3 2 14
1 3 2 4
6 3 2 4
1 6 2 32
2 4 2 26
3 4 2 24
5 4 2 10
3 1 2 7
5 4 2 20
4 5 2 3
2 4 2 10
6 4 2 13
3 6 2 32
4 3 2 20
6 2 2 13
6 1 2 10
3 4 2 8
1 4 2 2
1 6 2 21
4 2 2 12
1 6 2 26
1 2 2 17
4 3 2 14
1 3 2 18
1 3 2 23
1 5 2 2
2 4 2 3
1 5 2 14
4 1 2 26
1 6 2 3
5 4 2 12
1 4 2 25
3 5 2 1
2 1 2 27
2 1 2 15
4 6 2 17
5 3 2 2
3 1 2 11
5 1 2 18
1 5 2 19
4 5 2 22
3 1 2 8
4 3 2 19
2 5 2 12
2 6 2 14
1 5 2 30
3 6 2 16
3 6 2 24
4 1 2 16
1 3 2 12
6 3 2 13
6 1 2 12
1 2 2 2
5 4 2 20
2 3 2 6
1 4 2 31
3 4 2 13
6 4 2 22
5 2 2 24
6 3 2 25
3 6 2 30
4 3 2 16
3 4 2 3
3 5 2 10
3 4 2 11
4 3 2 25
6 2 2 27
4 6 2 5
2 5 2 30
2 1 2 5
4 2 2 29
4 5 2 32
3 1 2 9
3 6 2 32
6 4 2 2
2 5 2 17
3 5 2 15
3 6 2 31
4 2 2 27
5 2 2 27
6 4 2 28
4 6 2 30
3 5 2 19
4 5 2 17
1 2 2 8
4 5 2 27
2 4 2 24
3 1 2 14
2 4 2 6
3 1 2 4
2 4 2 6
6 4 2 18
6 3 2 18
1 6 2 19
1 4 2 4
1 2 2 30
3 2 2 9
4 6 2 4
5 2 2 12
4 3 2 6
5 4 2 9
3 2 2 12
5 2 2 27
4 2 2 20
4 1 2 7
2 1 2 14
5 1 2 5
2 5 2 11
2 5 2 27
2 5 2 26
4 1 2 8
4 6 2 4
3 5 2 4
1 4 2 32
1 5 2 25
1 5 2 18
5 3 2 32
2 1 2 31
2 4 2 6
1 6 2 6
5 6 2 10
4 1 2 9
2 1 2 11
5 4 2 30
2 5 2 7
6 4 2 18
1 2 2 32
5 4 2 2
4 1 2 20
4 5 2 9
2 1 2 23
2 3 2 16
6 3 2 18
4 2 2 5
1 4 2 18
4 2 2 18
1 4 2 2
5 1 2 26
4 2 2 18
3 6 2 10
3 6 2 25
5 6 2 12
6 1 2 10
2 1 2 11
2 1 2 26
3 4 2 14
2 3 2 20
2 6 2 24
4 1 2 2
6 1 2 13
2 3 2 11
1 5 2 15
1 2 2 24
6 1 2 24
4 6 2 29
4 2 2 21
2 6 2 28
3 6 2 6
6 1 2 10
5 1 2 23
2 1 2 6
3 2 2 9
3 2 2 32
2 5 2 28
5 1 2 9
6 4 2 13
1 5 2 27
4 6 2 13
6 5 2 15
1 3 2 1
2 6 2 11
2 1 2 2
3 1 2 32
5 2 2 24
6 1 2 24
2 3 2 26
2 1 2 32
2 6 2 2
4 1 2 29
3 2 2 31
2 3 2 29
1 5 2 18
3 4 2 20
5 1 2 3
2 4 2 28
3 5 2 10
6 4 2 17
2 5 2 2
2 1 2 21
3 1 2 19
3 6 2 7
4 2 2 18
3 2 2 5
1 5 2 9
3 6 2 24
6 4 2 2
6 5 2 22
4 3 2 32
4 2 2 22
1 3 2 4
1 6 2 32
6 5 2 15
5 3 2 6
5 3 2 16
5 6 2 27
1 5 2 25
6 4 2 12
6 1 2 10
3 4 2 11
5 2 2 9
1 2 2 16
5 1 2 20
5 4 2 21
2 1 2 7
4 5 2 9
3 4 2 26
1 2 2 23
6 2 2 17
1 4 2 4
3 6 2 25
4 1 2 4
3 4 2 32
4 6 2 17
3 5 2 8
5 4 2 10
2 5 2 24
6 3 2 30
5 4 2 9
3 2 2 24
5 3 2 7
4 2 2 17
3 5 2 29
6 4 2 26
4 6 2 12
1 6 2 27
3 4 2 14
5 3 2 8
2 6 2 5
3 4 2 17
6 2 2 30
4 1 2 24
2 3 2 20
5 2 2 19
2 1 2 19
6 1 2 9
3 6 2 31
6 1 2 17
1 2 2 5
3 6 2 27
6 5 2 32
5 2 2 8
5 4 2 27
2 1 2 3
4 1 2 19
4 5 2 24
3 6 2 32
4 2 2 2
1 6 2 25
1 6 2 8
1 5 2 32
6 5 2 20
6 4 2 17
6 1 2 2
3 2 2 4
6 3 2 32
5 6 2 10
4 6 2 10
4 3 2 9
6 1 2 8
1 6 2 31
4 3 2 29
4 2 2 22
5 3 2 28
5 1 2 22
6 4 2 26
4 3 2 3
6 1 2 11
6 3 2 26
1 5 2 22
6 4 2 18
2 5 2 10
1 2 2 29
3 1 2 11
1 5 2 17
4 2 2 3
5 1 2 9
4 3 2 17
6 3 2 17
3 6 2 13
5 4 2 32
3 5 2 6
2 5 2 28
6 3 2 22
6 5 2 17
3 1 2 1
4 5 2 29
6 5 2 24
3 5 2 2
3 4 2 14
2 3 2 15
1 2 2 15
5 1 2 9
6 4 2 13
3 4 2 30
5 1 2 20
2 5 2 10
1 3 2 1
2 3 2 14
2 3 2 6
2 6 2 9
2 1 2 23
6 1 2 31
3 2 2 10
5 6 2 25
3 5 2 32
6 3 2 22
3 5 2 20
1 4 2 5
1 6 2 7
6 2 2 2
5 1 2 22
5 6 2 18
5 3 2 8
2 5 2 23
4 6 2 29
3 4 2 22
5 1 2 14
2 4 2 10
4 6 2 10
5 3 2 3
2 5 2 4
6 4 2 25
3 1 2 10
4 5 2 13
2 3 2 19
3 6 2 20
5 2 2 6
6 2 2 15
2 3 2 24
3 2 2 12
6 1 2 20
1 4 2 19
1 6 2 21
1 4 2 15
5 2 2 7
3 1 2 14
5 6 2 14
2 1 2 24
5 2 2 23
1 6 2 4
5 1 2 21
1 2 2 10
1 3 2 27
4 2 2 26
5 4 2 17
2 3 2 16
3 1 2 17
5 1 2 7
6 2 2 20
1 5 2 14
3 1 2 12
2 5 2 3
4 5 2 9
3 4 2 19
2 3 2 12
2 5 2 23
3 5 2 11
6 4 2 20
3 4 2 18
1 5 2 22
6 1 2 3
3 5 2 22
2 4 2 18
1 6 2 30
3 1 2 5
4 5 2 6
6 1 2 28
1 5 2 30
5 4 2 19
5 1 2 18
5 4 2 20
5 2 2 11
6 2 2 5
6 5 2 27
3 2 2 14
3 2 2 8
3 1 2 24
1 6 2 6
3 2 2 30
4 1 2 13
5 1 2 27
5 6 2 25
1 6 2 31
6 1 2 1
3 6 2 31
2 1 2 18
5 1 2 19
5 4 2 24
1 5 2 3
2 6 2 25
4 5 2 30
6 4 2 23
4 6 2 17
2 3 2 29
3 5 2 32
4 5 2 11
4 1 2 10
2 5 2 22
4 1 2 25
3 2 2 30
3 2 2 29
5 4 2 6
3 6 2 25
3 4 2 22
1 4 2 4
3 1 2 1
3 4 2 26
1 5 2 31
5 6 2 12
4 5 2 11
4 3 2 31
4 5 2 27
1 2 2 23
1 5 2 20
6 2 2 20
4 5 2 27
5 4 2 12
6 4 2 31
2 4 2 17
6 5 2 24
1 2 2 11
1 4 2 4
5 4 2 20
2 5 2 7
1 3 2 5
4 3 2 17
4 1 2 32
5 3 2 30
4 1 2 27
6 3 2 13
6 3 2 27
2 3 2 12
6 5 2 6
5 1 2 1
2 6 2 5
1 5 2 20
4 2 2 6
2 3 2 29
6 4 2 6
3 5 2 14
4 3 2 24
5 1 2 20
3 1 2 24
1 5 2 1
1 5 2 10
2 4 2 1
2 4 2 12
6 2 2 8
2 6 2 25
4 2 2 13
6 3 2 29
4 5 2 18
5 2 2 32
4 3 2 9
2 5 2 4
4 6 2 24
3 6 2 14
6 2 2 14
3 2 2 8
2 3 2 2
2 6 2 27
2 1 2 23
4 3 2 12
6 4 2 8
5 6 2 15
5 6 2 8
4 1 2 8
3 5 2 11
4 6 2 1
3 1 2 29
1 3 2 22
6 3 2 15
6 5 2 28
2 4 2 10
1 5 2 2
2 1 2 4
3 2 2 27
4 1 2 19
5 6 2 22
2 6 2 10
2 5 2 24
4 5 2 27
2 4 2 4
5 3 2 6
2 3 2 3
5 6 2 24
6 1 2 8
5 3 2 13
5 2 2 8
4 1 2 29
4 6 2 2
1 6 2 15
3 5 2 17
6 3 2 16
3 6 2 22
5 2 2 32
5 6 2 32
5 4 2 28
5 6 2 3
6 4 2 28
5 1 2 32
1 5 2 22
4 2 2 30
3 1 2 17
1 4 2 19
4 3 2 25
2 6 2 24
3 5 2 2
2 5 2 17
6 1 2 1
4 3 2 3
6 3 2 32
6 5 2 16
1 2 2 20
5 4 2 7
5 6 2 17
6 2 2 19
3 6 2 23
3 1 2 8
6 2 2 25
5 1 2 28
6 1 2 18
1 2 2 32
4 5 2 2
4 2 2 24
1 4 2 20
4 3 2 22
4 5 2 7
4 6 2 11
2 1 2 25
1 3 2 14
5 4 2 13
5 4 2 1
6 1 2 24
5 3 2 14
2 6 2 7
1 2 2 12
2 6 2 27
5 6 2 7
2 3 2 2
2 4 2 24
6 5 2 4
1 6 2 12
2 6 2 22
5 4 2 8
1 4 2 28
5 3 2 7
2 5 2 9
2 4 2 3
5 2 2 15
6 4 2 3
4 2 2 17
5 3 2 20
2 1 2 18
5 1 2 31
3 1 2 2
5 4 2 11
2 6 2 1
4 1 2 21
3 5 2 6
4 3 2 29
5 2 2 4
2 6 2 9
2 5 2 20
1 6 2 14
4 2 2 28
2 4 2 6
1 2 2 20
3 1 2 19
1 2 2 31
5 2 2 17
6 5 2 25
6 1 2 27
2 4 2 2
2 4 2 18
2 6 2 1
6 3 2 26
4 1 2 7
3 2 2 12
5 4 2 22
6 5 2 3
3 4 2 15
3 6 2 26
3 1 2 8
2 4 2 18
2 1 2 18
1 2 2 15
4 3 2 25
3 2 2 30
2 3 2 2
3 6 2 9
6 1 2 32
1 4 2 9
1 6 2 3
5 1 2 27
4 3 2 17
3 2 2 28
6 3 2 28
3 4 2 10
2 4 2 3
2 1 2 19
2 1 2 24
1 5 2 12
2 6 2 14
1 2 2 24
5 6 2 29
4 2 2 25
6 3 2 6
5 6 2 21
5 2 2 30
2 5 2 19
2 3 2 31
5 6 2 22
3 4 2 11
3 5 2 20
3 2 2 22
4 2 2 28
5 3 2 29
2 5 2 10
3 2 2 7
1 6 2 11
3 6 2 11
6 4 2 21
3 1 2 8
2 5 2 27
1 3 2 6
1 3 2 6
1 6 2 22
5 6 2 27
5 4 2 15
4 2 2 30
1 2 2 32
2 3 2 16
6 2 2 10
4 6 2 15
5 6 2 11
5 3 2 31
2 5 2 7
2 1 2 29
5 4 2 20
1 5 2 3
1 4 2 14
4 6 2 9
2 6 2 12
5 3 2 10
6 2 2 9
5 2 2 22
6 1 2 18
6 1 2 10
3 5 2 10
4 2 2 16
5 2 2 12
1 6 2 2
4 1 2 5
3 2 2 1
4 2 2 12
3 1 2 22
1 3 2 2
1 3 2 22
2 3 2 15
6 3 2 5
6 1 2 30
6 2 2 1
1 5 2 12
4 5 2 2
1 2 2 14
6 5 2 21
2 1 2 17
4 3 2 12
6 5 2 15
3 5 2 17
4 2 2 17
2 3 2 15
4 2 2 20
4 2 2 3
6 5 2 8
5 4 2 13
4 2 2 4
2 1 2 29
6 5 2 4
2 1 2 7
3 2 2 13
5 3 2 19
4 6 2 10
1 2 2 15
5 2 2 17
1 5 2 17
6 1 2 26
6 3 2 23
5 3 2 26
1 6 2 16
2 5 2 14
1 4 2 15
3 6 2 3
6 2 2 20
1 3 2 9
4 2 2 8
1 3 2 16
4 6 2 9
1 6 2 13
6 3 2 12
4 6 2 23
3 5 2 9
2 1 2 11
5 1 2 18
4 3 2 24
2 4 2 24
3 6 2 16
1 3 2 26
6 5 2 18
4 6 2 4
3 2 2 23
3 2 2 11
1 3 2 21
3 1 2 3
4 3 2 2
4 1 2 6
2 1 2 4
4 5 2 7
1 6 2 29
2 5 2 29
1 6 2 5
1 4 2 24
4 1 2 29
3 4 2 6
2 6 2 18
3 1 2 29
1 3 2 22
1 5 2 23
5 4 2 9
