9 6 2 1
14 9 2 20
10 8 2 6
8 11 2 19
6 1 2 2
7 10 2 22
3 7 2 15
9 12 2 10
13 4 2 16
2 7 2 5
4 6 2 22
11 13 2 4
14 3 2 16
2 3 2 16
6 12 2 12
12 9 2 31
6 5 2 26
4 3 2 17
3 11 2 7
8 5 2 25
10 7 2 25
5 6 2 6
1 10 2 10
4 3 2 18
8 6 2 23
11 14 2 24
9 8 2 7
8 13 2 12
4 9 2 25
2 3 2 8
10 13 2 8
5 6 2 9
2 7 2 14
10 5 2 20
2 4 2 15
14 9 2 8
13 10 2 24
8 12 2 11
5 6 2 18
2 7 2 28
2 14 2 21
3 14 2 15
6 10 2 10
3 14 2 31
2 11 2 30
3 14 2 1
6 11 2 32
7 1 2 10
11 8 2 21
14 10 2 19
6 3 2 11
9 7 2 23
10 13 2 10
3 6 2 6
1 13 2 2
7 13 2 6
13 11 2 27
3 12 2 9
2 9 2 4
9 7 2 20
7 3 2 25
5 13 2 13
5 1 2 15
2 8 2 21
14 6 2 15
1 5 2 16
7 13 2 14
10 13 2 18
13 8 2 23
10 1 2 2
2 12 2 28
10 4 2 23
14 13 2 23
13 9 2 13
9 10 2 15
2 10 2 17
2 3 2 6
11 3 2 9
7 10 2 28
14 4 2 8
2 8 2 9
12 3 2 25
9 5 2 15
1 11 2 20
3 8 2 13
9 5 2 7
14 9 2 19
8 1 2 16
2 12 2 20
7 9 2 1
1 14 2 18
14 8 2 32
2 13 2 23
1 8 2 19
13 3 2 29
7 13 2 30
1 9 2 12
6 12 2 4
6 13 2 29
2 11 2 11
1 6 2 3
5 1 2 30
6 5 2 10
14 6 2 8
4 3 2 9
4 2 2 14
4 2 2 17
8 7 2 30
4 5 2 12
9 3 2 15
12 1 2 20
5 6 2 27
14 6 2 18
3 6 2 5
10 13 2 30
4 2 2 17
10 5 2 1
2 3 2 26
10 14 2 3
6 10 2 11
5 1 2 19
1 7 2 6
8 11 2 16
2 4 2 27
13 5 2 9
14 5 2 23
5 10 2 24
13 10 2 18
13 4 2 19
4 7 2 28
2 6 2 4
10 14 2 29
1 12 2 32
4 14 2 19
5 10 2 19
10 11 2 17
12 8 2 27
13 12 2 29
6 12 2 10
10 11 2 17
12 13 2 28
10 9 2 32
2 7 2 2
4 1 2 22
3 8 2 3
10 9 2 2
6 3 2 18
7 2 2 10
10 11 2 20
1 14 2 31
9 13 2 8
5 3 2 13
8 10 2 21
14 7 2 20
12 3 2 5
11 4 2 31
7 9 2 27
2 7 2 28
7 2 2 30
6 14 2 10
11 6 2 2
13 1 2 21
7 3 2 32
3 7 2 13
6 8 2 4
12 8 2 4
1 6 2 32
3 12 2 15
7 10 2 5
2 5 2 23
12 14 2 32
6 5 2 13
6 3 2 12
3 11 2 30
11 13 2 7
13 4 2 31
11 5 2 25
12 6 2 22
9 12 2 25
5 13 2 13
1 7 2 22
12 1 2 30
7 10 2 25
12 5 2 13
7 4 2 3
13 11 2 2
9 12 2 1
14 11 2 21
4 8 2 15
14 6 2 32
1 7 2 3
8 5 2 22
2 14 2 32
6 2 2 12
12 5 2 13
1 3 2 1
9 11 2 13
11 9 2 5
12 7 2 25
2 5 2 1
2 5 2 11
12 1 2 19
1 5 2 27
3 2 2 7
10 12 2 1
9 14 2 12
14 6 2 26
6 3 2 5
14 11 2 31
1 14 2 4
1 7 2 16
4 12 2 27
12 5 2 29
11 8 2 26
9 4 2 7
8 10 2 10
4 10 2 13
6 3 2 29
8 13 2 4
2 14 2 31
11 2 2 29
8 5 2 31
12 1 2 24
3 9 2 12
14 12 2 1
7 11 2 27
10 12 2 17
9 14 2 4
4 6 2 7
4 6 2 12
3 11 2 31
11 7 2 15
9 2 2 18
5 3 2 20
1 11 2 24
11 12 2 2
10 14 2 21
11 8 2 6
11 6 2 22
7 2 2 21
12 6 2 8
2 8 2 6
2 1 2 9
8 13 2 18
4 10 2 29
11 13 2 9
6 5 2 5
10 14 2 19
4 9 2 24
3 5 2 9
12 2 2 4
6 8 2 12
11 8 2 12
4 13 2 12
2 10 2 22
11 3 2 29
1 12 2 13
10 14 2 15
8 12 2 8
6 4 2 10
14 5 2 16
3 13 2 17
9 11 2 21
13 2 2 32
1 11 2 6
5 4 2 2
1 13 2 19
7 9 2 31
14 8 2 3
9 4 2 3
11 12 2 26
8 9 2 23
2 10 2 1
7 14 2 7
3 12 2 28
12 2 2 1
6 7 2 31
7 1 2 7
2 7 2 25
7 3 2 29
4 11 2 13
9 3 2 17
3 5 2 20
3 9 2 18
2 14 2 2
8 3 2 23
7 12 2 19
8 2 2 31
7 11 2 23
7 8 2 8
13 2 2 27
3 10 2 5
8 12 2 24
7 3 2 22
7 13 2 16
5 11 2 17
12 13 2 9
14 8 2 6
5 2 2 1
3 9 2 29
10 13 2 15
12 8 2 5
4 7 2 11
11 2 2 15
7 1 2 3
10 11 2 29
10 7 2 32
10 6 2 17
1 13 2 5
13 11 2 3
1 6 2 13
10 4 2 25
11 12 2 11
5 2 2 7
5 4 2 23
12 7 2 24
13 14 2 20
10 6 2 23
10 5 2 5
2 4 2 31
4 1 2 32
5 12 2 32
11 9 2 8
13 6 2 14
8 2 2 2
13 9 2 14
1 2 2 13
12 4 2 6
5 10 2 21
6 12 2 11
12 4 2 16
10 9 2 29
3 2 2 24
11 1 2 22
2 6 2 6
1 14 2 15
6 4 2 12
7 5 2 2
11 8 2 6
13 8 2 2
12 14 2 24
5 11 2 14
1 8 2 4
7 12 2 26
14 6 2 21
6 11 2 32
3 2 2 15
14 10 2 12
3 14 2 26
3 8 2 32
5 6 2 14
8 12 2 19
6 1 2 26
11 6 2 2
14 6 2 21
7 2 2 19
1 3 2 19
12 3 2 25
7 5 2 6
7 4 2 11
3 8 2 24
12 1 2 26
10 7 2 32
1 11 2 2
10 3 2 10
4 12 2 1
3 1 2 15
2 9 2 27
4 12 2 5
3 5 2 20
4 10 2 1
6 4 2 30
5 1 2 9
8 11 2 9
3 6 2 31
12 2 2 21
7 9 2 24
2 13 2 2
6 4 2 23
8 10 2 28
3 10 2 20
13 2 2 17
6 1 2 30
14 6 2 3
4 10 2 17
9 10 2 2
12 11 2 20
5 3 2 26
10 4 2 7
2 14 2 26
3 2 2 3
2 3 2 7
2 9 2 20
7 3 2 22
5 7 2 27
13 12 2 16
8 2 2 13
6 7 2 22
7 8 2 2
13 2 2 3
2 1 2 9
11 3 2 13
5 10 2 13
4 11 2 6
7 3 2 28
9 13 2 24
2 1 2 7
13 6 2 31
5 11 2 8
4 1 2 23
7 6 2 13
8 12 2 22
1 14 2 12
5 8 2 30
5 10 2 7
2 12 2 32
2 5 2 10
5 14 2 26
9 5 2 9
6 4 2 19
8 13 2 32
2 12 2 20
5 1 2 14
2 7 2 5
7 5 2 6
6 3 2 5
3 14 2 11
3 9 2 4
6 9 2 5
3 1 2 11
4 11 2 3
1 12 2 26
1 4 2 13
5 8 2 29
11 3 2 23
11 2 2 8
13 2 2 27
12 14 2 21
5 8 2 24
12 8 2 17
1 10 2 11
6 11 2 20
11 4 2 25
10 3 2 12
2 12 2 30
7 13 2 7
10 4 2 19
13 12 2 8
11 4 2 7
4 10 2 19
3 11 2 23
7 13 2 17
6 3 2 21
12 14 2 10
5 14 2 12
5 11 2 20
6 2 2 4
9 5 2 29
1 7 2 15
7 12 2 12
4 14 2 13
1 6 2 30
1 8 2 18
6 7 2 5
9 7 2 19
2 3 2 14
10 8 2 4
8 12 2 3
10 8 2 10
10 3 2 25
1 6 2 18
2 10 2 7
12 6 2 1
12 7 2 26
14 9 2 10
13 11 2 17
12 11 2 9
4 9 2 21
2 9 2 19
8 13 2 19
1 8 2 22
8 4 2 5
5 9 2 10
2 4 2 29
1 3 2 18
3 1 2 10
5 14 2 29
5 8 2 28
14 11 2 8
12 4 2 11
13 4 2 16
8 14 2 32
14 8 2 25
1 8 2 3
5 9 2 28
3 2 2 30
14 5 2 32
1 12 2 9
12 9 2 14
8 6 2 13
12 13 2 2
2 3 2 24
12 4 2 15
9 13 2 32
9 12 2 32
4 12 2 15
13 10 2 17
8 1 2 19
7 9 2 16
2 14 2 27
10 12 2 25
6 4 2 24
10 7 2 6
7 12 2 28
8 4 2 25
7 1 2 32
13 11 2 19
12 6 2 2
7 9 2 24
6 12 2 3
9 14 2 11
11 2 2 28
14 1 2 6
2 9 2 8
3 13 2 2
10 12 2 27
13 7 2 9
9 7 2 8
14 12 2 14
10 5 2 20
6 8 2 5
14 9 2 23
3 13 2 17
9 2 2 15
13 6 2 3
12 10 2 28
3 7 2 31
1 13 2 11
14 1 2 10
14 4 2 7
2 7 2 27
6 9 2 5
6 4 2 5
4 14 2 9
2 5 2 31
1 5 2 17
13 6 2 10
3 12 2 3
4 3 2 6
7 9 2 4
3 4 2 23
13 5 2 20
13 6 2 2
6 3 2 2
7 8 2 32
13 6 2 19
3 10 2 15
12 14 2 1
4 6 2 8
9 7 2 9
12 8 2 32
2 11 2 19
1 3 2 23
3 12 2 1
5 11 2 19
4 8 2 25
6 12 2 14
14 3 2 15
7 4 2 19
6 12 2 28
7 1 2 16
13 2 2 24
12 10 2 17
1 2 2 16
2 7 2 21
5 3 2 26
1 13 2 29
9 1 2 2
3 6 2 29
2 14 2 20
3 11 2 1
9 8 2 27
7 9 2 8
7 13 2 14
3 9 2 17
1 10 2 15
10 3 2 25
9 14 2 26
12 13 2 24
9 8 2 4
7 11 2 14
6 4 2 13
4 12 2 26
12 4 2 15
6 5 2 9
3 11 2 15
7 8 2 19
5 7 2 8
10 1 2 6
14 4 2 29
4 1 2 9
6 13 2 4
9 11 2 6
4 13 2 9
12 6 2 10
3 11 2 18
7 5 2 7
6 10 2 13
11 1 2 30
9 4 2 23
4 10 2 3
6 4 2 13
6 13 2 23
11 10 2 5
13 9 2 23
6 2 2 24
9 4 2 28
7 2 2 31
14 2 2 7
4 6 2 8
8 7 2 7
12 5 2 16
13 10 2 27
7 3 2 3
12 11 2 13
1 10 2 22
11 9 2 8
14 10 2 7
2 1 2 21
13 1 2 10
13 10 2 3
14 11 2 10
6 3 2 16
3 6 2 16
2 6 2 26
1 4 2 32
11 6 2 27
9 10 2 17
1 10 2 31
9 10 2 30
9 1 2 6
12 3 2 3
5 2 2 31
5 4 2 13
9 10 2 16
3 5 2 13
2 5 2 24
2 14 2 5
3 14 2 18
11 10 2 10
1 11 2 2
7 13 2 8
9 8 2 15
4 11 2 20
12 11 2 10
5 3 2 21
10 4 2 15
5 9 2 1
3 4 2 32
9 11 2 31
10 2 2 5
1 13 2 9
7 11 2 23
2 14 2 8
4 13 2 22
9 6 2 15
4 3 2 29
4 2 2 9
14 4 2 14
7 6 2 20
1 7 2 24
1 6 2 17
10 1 2 3
1 14 2 32
6 2 2 28
6 9 2 15
7 5 2 13
14 6 2 21
1 8 2 7
4 14 2 3
3 8 2 3
14 10 2 6
1 4 2 12
1 10 2 27
6 11 2 7
4 2 2 13
12 14 2 26
1 12 2 9
6 8 2 22
2 1 2 10
6 7 2 7
12 10 2 26
2 9 2 24
8 4 2 30
1 8 2 28
2 11 2 30
13 5 2 2
14 4 2 25
3 10 2 2
10 4 2 16
5 3 2 22
7 9 2 20
6 14 2 19
14 12 2 9
10 6 2 17
10 9 2 9
1 6 2 21
2 4 2 7
8 11 2 17
5 3 2 5
11 5 2 9
3 8 2 17
9 11 2 6
13 14 2 17
8 6 2 5
6 3 2 14
9 8 2 8
4 12 2 18
7 10 2 3
4 9 2 5
6 14 2 32
12 11 2 3
9 11 2 1
8 12 2 28
1 11 2 25
14 9 2 6
14 3 2 9
10 14 2 3
9 10 2 13
12 10 2 6
8 5 2 30
2 6 2 1
13 8 2 9
10 13 2 29
14 11 2 10
1 7 2 6
6 8 2 4
5 13 2 15
8 1 2 10
3 11 2 21
11 2 2 16
1 6 2 21
3 9 2 3
2 3 2 23
3 13 2 10
10 4 2 28
6 7 2 3
9 6 2 7
4 2 2 14
3 2 2 14
2 5 2 11
10 13 2 13
9 8 2 25
10 13 2 12
9 1 2 25
11 1 2 17
9 14 2 31
6 13 2 30
5 14 2 28
8 13 2 7
1 3 2 2
9 3 2 22
7 5 2 17
5 11 2 2
1 3 2 2
2 3 2 8
5 11 2 28
3 5 2 6
13 10 2 8
11 4 2 9
4 7 2 10
3 5 2 17
1 14 2 22
3 10 2 19
5 12 2 25
1 4 2 19
6 11 2 16
9 11 2 2
9 7 2 24
9 1 2 27
9 14 2 2
11 3 2 11
12 5 2 16
14 12 2 8
8 6 2 23
11 4 2 28
1 12 2 15
3 14 2 30
1 7 2 21
1 4 2 3
3 12 2 9
10 14 2 29
10 13 2 29
4 1 2 23
10 1 2 27
14 9 2 18
14 8 2 20
13 1 2 27
3 5 2 30
3 9 2 26
9 2 2 16
4 12 2 8
14 8 2 6
9 13 2 28
5 10 2 13
14 13 2 29
12 10 2 32
1 2 2 9
14 2 2 28
2 10 2 3
6 2 2 16
14 10 2 1
12 14 2 7
6 9 2 8
3 8 2 8
5 3 2 16
10 11 2 3
13 4 2 3
3 10 2 23
6 14 2 20
5 8 2 6
2 3 2 31
5 10 2 23
6 7 2 17
7 1 2 15
11 14 2 3
3 5 2 18
10 11 2 6
13 9 2 27
2 1 2 3
13 5 2 5
10 3 2 22
7 1 2 11
8 6 2 32
10 5 2 23
5 7 2 21
7 2 2 15
3 11 2 13
1 9 2 20
11 14 2 16
11 1 2 28
1 14 2 23
10 13 2 2
3 11 2 5
5 8 2 11
6 8 2 19
12 5 2 13
2 13 2 4
13 11 2 4
11 12 2 14
1 13 2 17
14 4 2 4
3 4 2 17
9 13 2 5
9 8 2 26
1 5 2 28
11 3 2 20
7 9 2 15
14 8 2 2
8 5 2 29
1 14 2 7
4 12 2 24
12 10 2 30
4 7 2 5
1 13 2 9
9 10 2 8
6 11 2 10
7 2 2 1
9 4 2 4
4 14 2 13
6 7 2 5
14 5 2 5
10 4 2 5
9 1 2 24
10 11 2 25
1 7 2 1
13 1 2 32
14 6 2 5
6 4 2 27
12 1 2 14
2 8 2 5
9 2 2 21
4 2 2 6
9 14 2 1
8 2 2 14
14 5 2 2
5 14 2 2
9 14 2 28
4 13 2 28
4 7 2 26
1 7 2 30
4 11 2 12
12 13 2 14
10 3 2 8
5 13 2 21
10 3 2 27
4 13 2 16
11 13 2 11
7 6 2 8
12 14 2 15
3 12 2 17
4 9 2 16
12 2 2 17
10 13 2 7
6 3 2 27
8 6 2 27
5 11 2 4
6 7 2 5
11 10 2 11
2 12 2 1
10 3 2 29
5 8 2 15
8 11 2 21
4 9 2 31
12 2 2 18
4 3 2 23
13 12 2 15
7 6 2 21
7 4 2 5
1 6 2 10
12 5 2 16
6 5 2 28
8 4 2 14
14 5 2 29
11 13 2 9
5 1 2 5
1 14 2 5
1 2 2 28
9 13 2 6
13 9 2 23
2 11 2 6
14 1 2 13
3 9 2 12
8 9 2 30
2 7 2 18
8 6 2 20
2 4 2 29
2 14 2 19
8 5 2 18
9 7 2 6
14 1 2 20
8 5 2 12
2 12 2 7
8 12 2 8
2 10 2 16
5 9 2 14
12 10 2 29
14 8 2 22
3 1 2 18
7 6 2 5
9 5 2 4
3 10 2 4
14 7 2 4
1 7 2 29
3 10 2 16
5 12 2 29
12 11 2 19
10 7 2 22
2 12 2 16
11 10 2 15
5 14 2 29
2 11 2 26
4 9 2 1
14 4 2 3
6 14 2 20
2 5 2 21
3 5 2 7
8 14 2 25
14 6 2 25
5 7 2 21
7 11 2 3
14 4 2 29
11 2 2 10
3 10 2 31
10 5 2 9
2 8 2 7
6 3 2 26
13 1 2 26
11 1 2 30
1 3 2 31
1 14 2 29
2 6 2 15
2 1 2 13
4 12 2 24
3 4 2 13
1 4 2 6
10 5 2 27
12 5 2 5
10 11 2 10
9 13 2 28
4 6 2 30
11 1 2 30
1 10 2 3
10 11 2 26
10 6 2 23
2 7 2 11
5 6 2 14
13 6 2 9
3 9 2 13
1 4 2 32
2 12 2 27
13 8 2 17
5 7 2 7
10 7 2 30
3 13 2 27
11 5 2 1
1 5 2 32
6 14 2 20
12 13 2 8
1 10 2 4
2 3 2 11
1 7 2 31
10 5 2 7
1 13 2 32
6 4 2 16
11 7 2 29
11 2 2 10
14 2 2 22
11 8 2 2
3 13 2 8
2 11 2 4
12 3 2 11
7 4 2 22
14 3 2 15
12 10 2 21
8 11 2 26
10 11 2 12
7 2 2 14
11 9 2 11
10 3 2 30
10 9 2 14
8 9 2 12
12 4 2 3
10 5 2 15
10 5 2 17
4 3 2 2
11 7 2 28
13 3 2 29
13 1 2 1
3 10 2 15
5 7 2 4
12 9 2 5
7 1 2 24
10 7 2 21
11 12 2 26
8 4 2 7
9 2 2 14
4 10 2 3
6 4 2 3
6 1 2 26
14 9 2 26
12 10 2 22
13 8 2 14
5 7 2 14
12 8 2 32
6 1 2 10
12 6 2 3
7 3 2 31
6 4 2 11
9 5 2 11
5 11 2 24
11 7 2 14
9 5 2 25
4 9 2 8
4 10 2 24
7 1 2 19
5 2 2 26
2 8 2 25
4 14 2 6
2 7 2 14
11 2 2 22
1 10 2 24
2 3 2 6
13 7 2 7
3 5 2 19
9 2 2 16
3 14 2 18
8 5 2 2
6 9 2 14
12 11 2 16
1 5 2 32
4 6 2 32
14 1 2 12
14 3 2 30
5 11 2 15
13 5 2 21
8 7 2 19
11 13 2 8
9 2 2 22
13 11 2 14
10 13 2 13
11 13 2 16
8 3 2 32
11 6 2 25
10 14 2 20
4 11 2 4
9 10 2 12
7 4 2 11
6 3 2 8
4 7 2 25
6 9 2 21
6 9 2 22
14 3 2 17
12 5 2 11
11 7 2 28
10 1 2 31
9 13 2 15
12 3 2 23
8 6 2 1
2 11 2 6
11 4 2 23
14 9 2 18
8 14 2 25
10 1 2 8
8 7 2 4
12 4 2 6
14 2 2 29
6 1 2 24
10 2 2 15
8 4 2 20
6 1 2 5
1 12 2 9
9 11 2 21
10 11 2 8
11 6 2 2
14 8 2 16
12 3 2 23
14 8 2 22
7 1 2 24
14 9 2 19
4 11 2 15
14 9 2 17
7 8 2 4
6 5 2 17
13 3 2 14
3 6 2 11
2 10 2 17
9 2 2 28
11 13 2 4
8 3 2 26
7 12 2 7
11 14 2 25
6 2 2 25
8 3 2 8
11 9 2 10
12 4 2 28
13 11 2 25
2 14 2 21
5 9 2 22
14 2 2 17
8 12 2 15
6 4 2 18
4 2 2 25
4 6 2 16
13 1 2 10
11 12 2 14
6 10 2 20
8 13 2 9
14 11 2 24
9 11 2 21
11 10 2 7
2 11 2 30
2 13 2 22
7 2 2 1
3 10 2 29
11 1 2 8
8 12 2 21
7 9 2 5
11 13 2 32
10 2 2 29
7 5 2 5
11 6 2 3
13 4 2 2
12 7 2 32
3 6 2 15
13 2 2 29
10 9 2 24
8 10 2 2
8 10 2 23
12 4 2 14
3 11 2 11
14 9 2 30
8 12 2 6
9 10 2 3
12 6 2 14
6 11 2 23
1 14 2 12
9 7 2 27
12 7 2 12
9 4 2 7
4 3 2 23
13 4 2 5
8 6 2 23
12 5 2 21
3 11 2 23
3 6 2 3
10 7 2 13
4 12 2 25
3 2 2 28
11 1 2 13
2 8 2 5
12 2 2 17
13 2 2 22
3 14 2 12
4 1 2 31
14 1 2 5
4 2 2 27
4 12 2 16
14 8 2 9
5 9 2 23
13 11 2 2
13 3 2 18
3 9 2 11
11 2 2 10
13 12 2 14
4 7 2 22
12 5 2 23
1 7 2 30
10 9 2 30
11 3 2 26
11 9 2 22
6 5 2 28
4 1 2 20
3 8 2 17
9 7 2 4
4 8 2 17
7 4 2 8
11 14 2 11
6 13 2 25
5 8 2 3
11 2 2 24
12 3 2 8
10 1 2 32
3 10 2 17
5 7 2 15
13 7 2 22
2 12 2 30
13 4 2 2
8 9 2 12
3 8 2 32
10 1 2 3
13 11 2 14
7 4 2 29
2 10 2 21
11 14 2 13
11 12 2 23
1 14 2 31
9 11 2 1
9 13 2 13
2 1 2 2
9 14 2 7
12 4 2 9
8 13 2 14
3 13 2 27
8 13 2 23
13 2 2 4
4 6 2 1
2 5 2 27
2 5 2 22
14 6 2 10
13 7 2 23
12 11 2 23
4 1 2 31
8 14 2 21
10 11 2 16
2 4 2 28
6 11 2 6
4 10 2 21
5 1 2 3
5 4 2 26
9 4 2 31
1 10 2 10
4 3 2 19
2 13 2 8
3 8 2 32
6 7 2 20
9 14 2 23
12 4 2 22
13 6 2 9
9 2 2 11
10 1 2 27
3 4 2 25
12 5 2 14
7 9 2 22
7 10 2 32
11 6 2 26
13 6 2 25
2 1 2 23
8 14 2 27
4 13 2 20
12 4 2 21
1 5 2 22
7 8 2 14
3 8 2 2
8 14 2 32
2 9 2 32
6 9 2 15
9 2 2 2
9 3 2 6
11 8 2 21
13 4 2 11
8 2 2 30
14 13 2 11
2 12 2 7
1 7 2 17
4 1 2 22
10 4 2 18
11 14 2 23
11 13 2 3
6 1 2 11
9 1 2 28
4 11 2 9
1 4 2 30
7 10 2 20
14 9 2 7
1 13 2 5
2 12 2 30
13 11 2 19
7 11 2 17
6 14 2 10
7 8 2 16
5 9 2 25
5 11 2 12
11 10 2 31
1 7 2 32
4 14 2 9
5 14 2 21
13 5 2 3
14 3 2 13
1 3 2 4
12 9 2 11
14 4 2 15
11 9 2 6
6 4 2 19
9 13 2 13
5 10 2 15
14 2 2 11
10 14 2 27
9 10 2 23
5 9 2 8
14 9 2 28
4 3 2 14
5 14 2 31
3 7 2 22
2 14 2 23
13 11 2 3
12 4 2 32
7 14 2 19
9 6 2 31
7 12 2 9
3 12 2 6
14 5 2 17
13 7 2 24
5 13 2 22
12 8 2 25
5 4 2 4
1 12 2 15
12 11 2 32
14 6 2 6
4 11 2 9
1 6 2 6
14 11 2 25
9 2 2 19
5 4 2 22
8 2 2 8
12 10 2 16
2 12 2 19
1 14 2 8
3 13 2 10
6 1 2 11
3 2 2 11
8 12 2 9
11 1 2 26
4 14 2 5
4 8 2 4
14 1 2 23
8 11 2 14
1 6 2 1
7 1 2 26
10 2 2 2
6 2 2 20
11 7 2 12
14 10 2 8
1 10 2 27
10 8 2 32
8 1 2 5
5 2 2 11
12 2 2 8
9 12 2 28
1 11 2 17
3 2 2 25
3 11 2 1
11 7 2 6
13 14 2 20
5 6 2 23
6 4 2 21
1 8 2 30
10 8 2 24
5 10 2 18
9 4 2 23
7 12 2 26
4 8 2 2
10 13 2 1
11 10 2 4
2 12 2 17
8 13 2 9
3 10 2 9
12 11 2 16
7 3 2 15
7 3 2 28
13 10 2 4
12 4 2 7
1 13 2 17
5 9 2 12
2 9 2 31
1 4 2 9
7 10 2 8
1 5 2 11
14 3 2 23
7 4 2 7
13 7 2 25
9 11 2 26
13 1 2 1
1 10 2 18
1 7 2 9
1 8 2 2
12 1 2 26
6 4 2 26
1 5 2 20
12 8 2 6
6 9 2 8
10 14 2 3
6 12 2 3
9 5 2 32
6 14 2 13
14 7 2 2
6 8 2 9
13 14 2 4
1 8 2 29
4 10 2 32
11 12 2 5
7 6 2 9
5 4 2 26
7 1 2 11
3 10 2 6
8 1 2 15
8 5 2 22
13 5 2 30
13 9 2 12
8 6 2 1
12 3 2 10
13 3 2 3
7 4 2 16
1 2 2 4
3 14 2 32
12 5 2 29
9 7 2 25
4 9 2 18
2 5 2 2
7 13 2 27
14 5 2 15
4 2 2 10
7 3 2 28
11 10 2 13
5 14 2 20
7 10 2 5
14 13 2 11
2 11 2 22
6 7 2 21
10 6 2 16
10 9 2 24
11 9 2 25
5 4 2 2
11 7 2 10
3 8 2 29
1 14 2 23
9 7 2 25
11 10 2 21
9 1 2 21
2 12 2 32
8 7 2 2
2 7 2 23
14 4 2 32
1 3 2 14
2 11 2 13
5 9 2 17
13 11 2 15
5 2 2 13
14 13 2 32
10 13 2 6
13 1 2 30
10 2 2 9
1 4 2 10
1 13 2 25
13 14 2 25
14 11 2 20
7 1 2 30
8 2 2 18
2 9 2 5
10 7 2 21
6 9 2 6
13 3 2 18
13 14 2 22
14 10 2 12
12 6 2 20
6 7 2 4
7 9 2 15
12 9 2 5
12 2 2 8
10 12 2 24
3 14 2 32
12 7 2 19
12 5 2 17
11 3 2 14
12 6 2 25
8 4 2 28
14 1 2 18
9 8 2 15
13 11 2 21
12 14 2 4
8 7 2 25
2 4 2 19
9 10 2 15
6 8 2 4
12 3 2 28
5 3 2 15
8 9 2 24
11 9 2 2
10 8 2 28
9 7 2 27
4 3 2 5
13 7 2 23
2 9 2 14
8 9 2 27
4 7 2 25
10 2 2 8
3 7 2 19
2 6 2 6
12 8 2 2
6 8 2 5
11 12 2 4
7 8 2 8
2 13 2 27
13 1 2 28
12 7 2 22
5 2 2 12
11 8 2 15
7 13 2 19
2 9 2 12
12 8 2 19
10 2 2 4
5 8 2 28
8 10 2 12
14 11 2 13
6 8 2 30
6 4 2 29
14 8 2 29
3 10 2 7
2 8 2 18
1 11 2 17
5 2 2 28
6 1 2 19
12 13 2 3
5 3 2 19
8 6 2 10
12 10 2 1
11 2 2 9
8 9 2 29
7 12 2 31
13 6 2 9
5 11 2 9
1 12 2 27
11 12 2 24
8 3 2 19
10 3 2 15
1 13 2 10
10 11 2 25
3 11 2 5
6 11 2 3
6 7 2 9
10 14 2 27
10 4 2 32
4 12 2 16
8 1 2 13
1 13 2 31
13 14 2 29
12 13 2 21
9 4 2 6
8 3 2 17
11 3 2 13
7 6 2 4
2 7 2 11
7 2 2 16
14 12 2 3
3 9 2 22
4 7 2 9
4 9 2 4
2 11 2 23
14 8 2 26
5 10 2 8
4 1 2 7
13 12 2 13
14 4 2 14
13 3 2 3
1 5 2 31
13 2 2 20
4 13 2 16
13 3 2 25
12 14 2 19
11 5 2 15
9 13 2 28
14 4 2 3
11 2 2 21
4 2 2 22
5 1 2 29
1 10 2 32
9 6 2 1
13 1 2 20
13 8 2 28
10 13 2 11
10 13 2 28
2 5 2 25
4 10 2 27
7 13 2 23
5 2 2 7
8 14 2 16
8 13 2 32
2 13 2 18
4 6 2 15
8 3 2 27
8 2 2 2
7 13 2 3
11 5 2 16
12 2 2 26
2 7 2 2
12 9 2 5
6 5 2 11
3 9 2 15
3 12 2 32
3 14 2 15
3 1 2 22
2 8 2 26
1 4 2 12
6 13 2 9
5 6 2 7
2 1 2 3
1 7 2 25
5 9 2 16
11 10 2 9
8 13 2 8
10 4 2 4
4 10 2 18
4 7 2 7
11 6 2 22
9 8 2 7
4 10 2 6
11 7 2 18
5 10 2 22
3 5 2 6
14 8 2 15
12 1 2 24
2 5 2 2
12 6 2 2
7 1 2 2
6 13 2 31
6 10 2 7
12 6 2 18
11 5 2 25
5 11 2 4
9 7 2 8
7 4 2 2
10 2 2 12
6 13 2 25
10 7 2 5
3 6 2 2
4 8 2 4
1 14 2 23
1 6 2 10
2 7 2 14
9 5 2 1
13 4 2 4
4 12 2 22
1 11 2 3
3 5 2 31
2 13 2 25
2 1 2 8
13 11 2 18
3 12 2 30
2 3 2 1
9 1 2 9
12 2 2 24
8 3 2 14
4 13 2 29
12 14 2 30
11 2 2 10
9 14 2 23
14 3 2 9
3 6 2 12
13 9 2 25
11 6 2 18
7 4 2 9
13 10 2 11
11 3 2 28
5 10 2 12
1 14 2 9
14 2 2 22
13 2 2 29
11 1 2 14
12 13 2 7
4 1 2 15
3 9 2 13
10 5 2 7
8 13 2 31
9 3 2 12
13 14 2 19
8 11 2 3
1 7 2 11
8 3 2 13
12 13 2 15
10 1 2 1
1 14 2 18
7 5 2 9
9 2 2 9
13 5 2 9
1 2 2 32
13 12 2 20
6 9 2 26
4 6 2 7
8 7 2 23
4 11 2 5
6 14 2 27
6 10 2 31
14 7 2 30
6 7 2 9
6 12 2 1
8 14 2 1
8 4 2 30
12 7 2 7
10 4 2 28
8 11 2 18
4 6 2 22
6 4 2 21
3 9 2 18
6 12 2 2
4 6 2 2
9 3 2 29
6 3 2 9
12 6 2 14
12 14 2 14
8 3 2 1
9 7 2 20
3 4 2 9
5 6 2 31
8 1 2 1
3 13 2 1
10 12 2 6
12 8 2 1
2 3 2 18
6 7 2 1
5 10 2 28
12 10 2 13
7 14 2 19
14 1 2 10
14 10 2 15
6 4 2 24
1 6 2 22
2 8 2 28
11 5 2 1
1 12 2 31
3 14 2 32
4 5 2 3
2 4 2 14
6 2 2 22
7 1 2 27
3 4 2 4
5 1 2 21
12 5 2 13
14 12 2 2
11 9 2 20
11 14 2 9
12 4 2 28
8 11 2 31
9 10 2 29
10 12 2 12
7 13 2 20
3 1 2 18
11 7 2 28
2 9 2 4
8 9 2 31
11 2 2 5
1 5 2 9
4 8 2 18
12 11 2 26
6 14 2 22
12 9 2 27
13 2 2 20
3 9 2 2
5 14 2 6
8 9 2 16
5 10 2 18
2 8 2 11
6 7 2 6
6 13 2 21
13 7 2 23
11 9 2 32
4 9 2 7
5 13 2 31
10 13 2 5
13 9 2 8
14 10 2 3
4 2 2 7
13 11 2 28
12 14 2 20
3 6 2 32
8 7 2 27
1 10 2 12
9 11 2 18
14 7 2 16
12 4 2 21
12 1 2 6
9 5 2 31
8 14 2 5
8 7 2 17
13 1 2 17
5 13 2 18
12 4 2 2
7 4 2 11
2 6 2 7
2 9 2 28
10 5 2 17
13 10 2 6
14 7 2 26
12 4 2 29
10 12 2 9
5 3 2 8
7 1 2 27
7 10 2 23
2 7 2 29
10 9 2 7
8 5 2 15
1 2 2 7
6 10 2 30
11 6 2 9
7 11 2 23
14 12 2 29
5 6 2 17
14 10 2 15
5 1 2 28
2 3 2 4
12 6 2 2
11 14 2 18
1 12 2 13
4 7 2 6
6 8 2 10
11 5 2 21
8 9 2 28
8 11 2 22
13 5 2 21
9 8 2 20
1 3 2 9
8 2 2 24
12 11 2 21
12 2 2 2
9 3 2 2
8 9 2 25
7 5 2 1
7 6 2 22
10 8 2 30
14 7 2 30
1 14 2 4
2 13 2 22
7 6 2 14
14 12 2 9
3 9 2 18
6 9 2 8
8 5 2 19
10 2 2 5
13 5 2 10
13 2 2 7
1 11 2 23
8 3 2 24
4 11 2 10
13 7 2 3
3 12 2 20
7 2 2 23
7 5 2 30
7 11 2 18
4 10 2 2
6 7 2 2
10 3 2 21
14 1 2 30
7 3 2 6
6 8 2 26
2 6 2 4
3 4 2 32
14 6 2 29
10 12 2 28
2 5 2 15
8 7 2 1
10 6 2 12
4 3 2 24
1 13 2 29
6 12 2 18
5 14 2 29
14 3 2 26
5 3 2 14
9 14 2 31
5 1 2 8
1 13 2 29
13 9 2 20
2 8 2 15
10 13 2 3
7 6 2 23
9 3 2 30
9 10 2 26
14 4 2 22
8 10 2 4
8 6 2 9
9 14 2 22
3 5 2 3
7 13 2 6
8 3 2 17
10 5 2 3
8 7 2 5
10 4 2 5
7 5 2 8
1 6 2 12
5 2 2 32
1 12 2 32
10 2 2 30
3 7 2 15
11 4 2 15
11 12 2 13
2 8 2 15
1 7 2 23
10 4 2 7
12 14 2 5
2 4 2 1
11 1 2 17
14 6 2 29
8 3 2 22
4 8 2 20
9 2 2 16
4 6 2 17
14 12 2 20
3 4 2 22
12 11 2 22
12 6 2 5
9 14 2 17
2 6 2 32
13 1 2 22
9 11 2 14
4 7 2 2
2 3 2 27
1 8 2 17
4 7 2 29
14 8 2 27
2 12 2 23
9 11 2 20
6 8 2 19
3 10 2 26
14 11 2 17
10 5 2 25
8 7 2 20
3 10 2 21
12 5 2 30
7 4 2 2
8 11 2 6
1 14 2 16
2 9 2 21
9 1 2 16
10 4 2 9
14 1 2 20
3 6 2 19
10 7 2 14
12 8 2 13
10 2 2 24
14 9 2 15
9 1 2 20
3 7 2 5
11 6 2 16
2 8 2 5
14 2 2 14
1 3 2 4
12 11 2 1
10 11 2 29
10 11 2 16
2 12 2 21
1 4 2 23
10 11 2 3
10 9 2 8
5 6 2 18
7 8 2 12
3 7 2 13
1 4 2 22
1 3 2 1
1 2 2 11
6 9 2 20
11 7 2 10
6 12 2 10
12 14 2 14
14 3 2 7
4 2 2 12
7 11 2 7
1 9 2 29
12 4 2 32
10 8 2 11
5 8 2 28
3 10 2 27
1 5 2 19
9 11 2 8
2 6 2 26
4 9 2 25
13 6 2 13
14 5 2 2
2 10 2 13
3 9 2 2
7 1 2 13
12 13 2 32
11 5 2 2
13 2 2 24
12 9 2 21
13 5 2 26
5 6 2 18
2 10 2 19
11 13 2 7
5 14 2 19
3 1 2 25
3 13 2 11
14 4 2 7
8 12 2 14
12 11 2 18
5 1 2 9
3 10 2 6
10 5 2 4
1 5 2 20
3 10 2 2
12 5 2 11
4 9 2 9
3 11 2 21
9 6 2 11
2 11 2 20
6 1 2 9
1 14 2 11
11 3 2 16
7 11 2 23
4 12 2 30
14 10 2 24
6 14 2 3
14 6 2 17
9 7 2 10
14 3 2 20
3 13 2 27
4 12 2 14
10 3 2 18
14 3 2 23
2 12 2 24
12 9 2 27
7 12 2 6
10 7 2 31
3 4 2 2
11 8 2 21
1 7 2 20
1 6 2 11
4 2 2 17
10 14 2 2
2 3 2 19
5 7 2 14
7 6 2 20
6 3 2 4
2 3 2 32
9 6 2 29
13 14 2 31
12 4 2 13
3 10 2 26
2 3 2 4
13 4 2 29
5 9 2 23
8 6 2 27
2 6 2 6
2 1 2 7
8 3 2 3
10 4 2 23
8 14 2 20
6 13 2 6
7 6 2 6
5 13 2 11
10 2 2 22
3 5 2 25
1 13 2 10
11 1 2 23
11 8 2 10
10 1 2 27
9 4 2 10
13 3 2 30
8 11 2 4
4 13 2 25
8 1 2 6
10 4 2 9
7 6 2 9
7 14 2 28
13 14 2 3
4 6 2 4
7 11 2 2
7 1 2 26
1 12 2 31
7 2 2 27
13 10 2 15
5 13 2 14
8 9 2 32
4 1 2 9
8 14 2 12
10 9 2 22
9 13 2 19
12 3 2 25
6 10 2 4
6 5 2 8
12 1 2 1
12 9 2 10
5 6 2 6
6 2 2 30
5 8 2 16
3 10 2 26
3 12 2 17
6 5 2 27
4 7 2 3
11 7 2 22
5 8 2 10
13 1 2 17
9 7 2 21
3 2 2 23
11 12 2 12
13 3 2 30
14 4 2 9
6 4 2 10
3 4 2 13
5 11 2 2
3 7 2 21
9 2 2 29
3 4 2 16
5 7 2 29
8 5 2 9
7 2 2 18
11 3 2 4
11 9 2 19
4 10 2 32
10 2 2 17
8 3 2 10
7 4 2 31
13 10 2 13
12 11 2 18
7 11 2 9
5 3 2 31
3 2 2 32
8 4 2 19
3 9 2 12
2 8 2 1
14 10 2 31
12 9 2 31
8 13 2 26
13 7 2 28
5 11 2 3
13 6 2 32
14 3 2 5
3 4 2 15
4 7 2 17
10 13 2 16
14 5 2 25
7 6 2 12
8 11 2 15
5 14 2 32
7 10 2 6
5 2 2 13
10 14 2 13
3 7 2 8
7 5 2 29
14 2 2 14
12 3 2 17
10 6 2 19
5 8 2 32
2 7 2 22
9 14 2 32
4 10 2 4
9 7 2 27
11 10 2 22
6 5 2 6
9 1 2 26
13 14 2 12
14 10 2 21
8 11 2 15
11 6 2 8
10 11 2 17
3 5 2 14
5 6 2 17
13 1 2 28
10 2 2 14
4 10 2 23
5 14 2 26
5 8 2 2
5 10 2 11
13 8 2 24
11 12 2 1
9 11 2 20
1 2 2 8
11 12 2 2
4 14 2 1
13 4 2 31
14 7 2 17
12 9 2 7
6 8 2 26
2 6 2 25
11 8 2 22
14 2 2 4
4 2 2 3
6 10 2 26
14 13 2 19
10 11 2 4
10 11 2 1
12 5 2 16
8 6 2 24
14 2 2 22
8 4 2 23
10 3 2 13
13 4 2 20
14 11 2 12
2 6 2 2
4 10 2 31
7 14 2 17
14 7 2 16
12 13 2 5
8 9 2 31
2 14 2 17
2 6 2 2
14 12 2 14
3 14 2 15
10 6 2 11
13 5 2 24
14 5 2 12
6 10 2 4
5 6 2 12
8 11 2 10
13 4 2 22
5 11 2 8
9 13 2 29
11 5 2 32
12 13 2 29
7 4 2 21
3 12 2 1
4 10 2 5
10 11 2 30
12 8 2 16
3 1 2 16
11 5 2 13
12 2 2 18
5 6 2 22
9 8 2 7
11 9 2 20
12 10 2 30
11 3 2 28
3 1 2 7
4 2 2 21
7 14 2 1
4 3 2 20
9 2 2 28
13 10 2 11
5 2 2 12
1 12 2 22
4 12 2 32
14 7 2 22
8 5 2 11
3 2 2 9
4 13 2 25
1 2 2 25
14 12 2 13
9 6 2 23
12 14 2 4
1 7 2 5
8 14 2 31
3 8 2 28
9 12 2 5
5 10 2 26
13 9 2 27
10 11 2 20
2 7 2 8
10 2 2 23
2 14 2 2
13 12 2 18
9 6 2 27
8 14 2 9
13 5 2 21
3 5 2 32
10 11 2 8
3 5 2 30
14 8 2 9
9 4 2 17
10 13 2 15
6 11 2 28
13 8 2 23
12 4 2 29
13 7 2 19
7 10 2 18
5 7 2 24
6 12 2 22
4 14 2 25
8 13 2 13
14 5 2 26
2 13 2 16
14 12 2 2
11 8 2 26
11 8 2 29
4 10 2 18
4 7 2 24
3 1 2 12
5 2 2 2
10 13 2 8
9 11 2 25
1 10 2 7
11 5 2 11
13 1 2 21
14 5 2 30
8 4 2 3
6 14 2 7
10 1 2 30
10 14 2 30
9 3 2 28
5 3 2 31
12 4 2 13
9 8 2 6
7 9 2 19
5 7 2 1
4 7 2 1
1 6 2 9
14 3 2 20
2 4 2 29
9 10 2 23
8 6 2 26
7 10 2 13
11 5 2 30
7 13 2 22
9 2 2 13
2 13 2 30
8 14 2 26
3 6 2 29
7 4 2 21
3 5 2 7
10 1 2 30
3 13 2 18
14 6 2 20
1 10 2 16
4 1 2 15
2 14 2 19
13 7 2 1
4 8 2 24
3 4 2 7
2 1 2 32
14 6 2 28
2 3 2 14
13 3 2 16
12 4 2 12
11 10 2 7
9 13 2 13
4 14 2 25
11 14 2 13
13 11 2 30
12 2 2 17
6 1 2 3
12 9 2 29
3 12 2 31
7 10 2 8
12 6 2 18
1 7 2 4
12 5 2 21
5 8 2 12
3 10 2 11
8 2 2 23
10 13 2 27
6 14 2 6
14 1 2 25
11 3 2 9
1 6 2 13
14 2 2 31
3 7 2 29
11 7 2 28
5 2 2 25
2 7 2 11
6 1 2 31
14 5 2 5
4 7 2 21
4 7 2 30
2 1 2 19
1 9 2 4
10 7 2 10
3 11 2 27
1 11 2 6
12 7 2 9
9 3 2 8
4 14 2 17
13 6 2 14
3 7 2 25
5 8 2 10
14 10 2 12
4 9 2 31
2 13 2 3
6 8 2 3
11 5 2 28
14 12 2 21
7 6 2 13
2 9 2 7
2 12 2 15
8 13 2 14
2 14 2 6
4 1 2 31
1 9 2 30
8 2 2 14
5 10 2 17
12 4 2 21
9 4 2 25
12 14 2 30
10 8 2 8
3 5 2 18
4 14 2 5
4 10 2 24
8 6 2 3
13 7 2 25
11 3 2 3
14 11 2 20
5 11 2 3
9 5 2 23
13 3 2 17
7 13 2 23
4 7 2 12
4 6 2 28
5 2 2 29
5 7 2 21
1 5 2 10
6 14 2 9
5 4 2 24
3 2 2 17
10 1 2 32
2 3 2 20
7 13 2 6
4 8 2 16
5 10 2 23
6 11 2 20
7 2 2 6
7 10 2 28
7 2 2 8
10 8 2 2
1 11 2 14
7 4 2 31
10 7 2 21
12 8 2 6
8 4 2 7
5 8 2 11
11 4 2 9
1 9 2 6
10 14 2 32
14 10 2 31
6 11 2 4
9 13 2 22
14 1 2 7
3 4 2 1
7 9 2 32
10 9 2 18
11 7 2 32
4 5 2 19
1 9 2 7
11 13 2 2
9 14 2 6
8 12 2 11
13 9 2 22
9 10 2 2
10 9 2 15
14 12 2 8
7 3 2 28
8 3 2 2
8 2 2 25
6 8 2 1
6 9 2 30
7 12 2 32
4 11 2 20
9 8 2 13
9 7 2 32
1 9 2 8
6 3 2 13
2 12 2 29
8 10 2 28
12 14 2 24
5 6 2 19
9 4 2 15
4 13 2 7
12 4 2 29
9 10 2 32
11 8 2 26
12 6 2 17
5 3 2 14
8 2 2 23
4 7 2 24
1 3 2 21
12 2 2 7
6 14 2 25
13 10 2 16
11 5 2 20
3 9 2 7
7 3 2 27
9 2 2 22
11 8 2 21
3 4 2 12
5 14 2 8
1 14 2 28
1 3 2 4
4 12 2 18
12 7 2 7
4 1 2 10
7 2 2 9
2 6 2 14
7 12 2 31
6 1 2 7
12 11 2 13
9 7 2 14
5 13 2 30
5 10 2 27
6 10 2 6
13 8 2 21
6 2 2 5
10 9 2 26
8 4 2 30
13 10 2 11
13 5 2 27
5 1 2 1
9 8 2 27
12 4 2 31
7 5 2 31
2 7 2 18
14 5 2 27
5 7 2 14
1 9 2 11
6 12 2 30
8 14 2 3
2 13 2 7
5 6 2 16
2 14 2 6
12 14 2 7
12 7 2 23
4 6 2 1
11 10 2 13
3 6 2 4
9 10 2 1
4 1 2 12
12 7 2 8
9 10 2 25
8 2 2 18
9 7 2 26
8 5 2 30
3 14 2 22
13 9 2 17
3 12 2 13
11 2 2 1
12 13 2 11
8 5 2 11
11 7 2 23
13 7 2 3
13 8 2 9
13 1 2 8
14 13 2 3
5 3 2 21
6 7 2 8
8 2 2 23
3 13 2 26
13 14 2 17
14 6 2 1
8 9 2 12
6 12 2 19
6 5 2 5
11 8 2 13
8 11 2 7
4 8 2 25
7 10 2 15
3 10 2 20
6 4 2 12
5 9 2 6
9 14 2 11
4 6 2 9
2 10 2 17
11 1 2 15
10 9 2 7
13 9 2 24
7 8 2 25
2 10 2 29
7 14 2 31
14 1 2 23
1 9 2 15
5 12 2 3
1 3 2 10
10 12 2 30
11 10 2 22
4 10 2 6
8 9 2 14
14 12 2 20
4 14 2 19
3 13 2 27
12 13 2 29
12 14 2 18
14 3 2 10
13 4 2 6
5 2 2 21
3 14 2 10
13 3 2 26
2 12 2 17
6 10 2 13
5 14 2 5
5 9 2 27
2 4 2 19
9 3 2 4
5 7 2 4
8 5 2 12
12 1 2 1
7 5 2 5
3 5 2 5
12 10 2 24
8 5 2 9
1 3 2 4
10 8 2 28
13 6 2 28
5 8 2 26
6 5 2 7
9 6 2 13
8 4 2 22
7 3 2 26
1 14 2 28
14 12 2 31
10 5 2 21
8 1 2 21
3 12 2 23
10 2 2 7
9 7 2 15
9 5 2 30
2 11 2 32
4 7 2 17
12 2 2 31
3 2 2 16
12 5 2 8
6 14 2 8
12 1 2 5
14 11 2 1
5 3 2 30
11 7 2 16
3 6 2 32
1 11 2 13
13 5 2 11
5 11 2 28
1 11 2 27
9 12 2 20
13 11 2 15
14 3 2 3
12 13 2 31
14 13 2 5
4 11 2 29
1 10 2 6
4 9 2 1
9 5 2 2
11 12 2 12
12 4 2 24
8 4 2 3
5 1 2 2
14 4 2 5
11 12 2 28
5 4 2 24
14 9 2 24
7 10 2 17
4 11 2 30
2 3 2 25
14 9 2 18
12 6 2 30
7 1 2 31
9 11 2 18
14 9 2 3
10 7 2 23
12 5 2 18
2 6 2 2
14 6 2 12
10 7 2 24
14 6 2 21
5 1 2 11
13 2 2 4
6 8 2 4
14 7 2 15
5 11 2 14
8 1 2 13
11 5 2 6
7 3 2 13
9 1 2 1
7 14 2 30
12 7 2 5
12 1 2 1
10 13 2 8
10 6 2 23
9 13 2 20
5 7 2 17
14 9 2 30
11 8 2 4
8 13 2 27
8 6 2 3
13 9 2 29
1 11 2 4
8 10 2 5
14 5 2 17
1 4 2 16
7 4 2 17
7 9 2 27
11 8 2 17
14 10 2 3
5 12 2 14
7 6 2 19
11 1 2 1
13 12 2 28
12 14 2 17
7 14 2 6
5 2 2 1
9 8 2 16
4 9 2 16
6 10 2 5
6 1 2 17
14 5 2 8
7 4 2 8
1 7 2 3
10 6 2 16
3 8 2 6
9 4 2 25
10 5 2 20
2 6 2 5
4 2 2 26
3 1 2 1
14 12 2 13
10 13 2 28
8 5 2 22
11 6 2 26
4 3 2 1
4 2 2 6
6 3 2 1
11 2 2 5
10 4 2 16
13 5 2 23
1 7 2 25
1 4 2 14
8 4 2 3
8 2 2 22
6 9 2 16
12 9 2 14
8 13 2 9
4 14 2 32
12 2 2 30
14 11 2 14
2 7 2 28
10 7 2 12
4 9 2 11
2 11 2 8
12 2 2 26
1 6 2 19
11 6 2 11
11 4 2 18
7 3 2 24
11 5 2 4
13 12 2 18
11 1 2 21
6 12 2 4
8 9 2 20
13 9 2 31
11 6 2 19
8 5 2 4
6 12 2 11
7 1 2 7
12 11 2 24
8 1 2 4
6 9 2 23
10 13 2 12
1 7 2 9
3 12 2 16
6 14 2 3
7 12 2 21
12 5 2 10
4 7 2 25
8 11 2 18
6 2 2 32
14 8 2 1
6 5 2 10
14 13 2 27
7 12 2 11
5 7 2 11
10 13 2 3
1 14 2 6
5 12 2 32
11 4 2 27
1 4 2 1
3 12 2 23
4 2 2 21
8 9 2 29
13 3 2 7
4 6 2 23
11 8 2 25
11 9 2 24
4 1 2 18
1 14 2 23
1 13 2 11
10 12 2 5
14 1 2 10
6 11 2 12
5 6 2 29
4 8 2 24
6 1 2 32
12 6 2 5
5 13 2 8
11 4 2 9
10 8 2 5
13 6 2 18
10 11 2 21
7 6 2 18
12 11 2 30
3 12 2 11
10 5 2 22
8 10 2 4
7 1 2 10
1 2 2 1
8 7 2 21
7 1 2 3
7 1 2 2
4 3 2 30
9 12 2 7
12 1 2 18
5 10 2 22
1 2 2 9
14 1 2 17
9 12 2 5
2 13 2 13
9 8 2 15
8 9 2 23
4 12 2 16
8 6 2 7
14 7 2 7
10 7 2 17
3 5 2 14
9 1 2 1
7 2 2 8
5 13 2 21
10 2 2 26
2 12 2 9
13 10 2 10
13 4 2 20
11 7 2 25
3 14 2 12
13 12 2 3
9 4 2 29
2 14 2 26
13 7 2 26
13 4 2 27
12 8 2 28
7 11 2 25
13 2 2 14
7 4 2 3
8 2 2 15
4 3 2 12
3 9 2 13
12 14 2 30
13 9 2 12
11 9 2 19
12 1 2 10
8 12 2 6
9 5 2 9
14 13 2 27
13 7 2 26
7 13 2 30
7 14 2 16
6 7 2 20
12 3 2 18
11 7 2 22
5 4 2 4
3 14 2 10
9 11 2 3
11 1 2 26
10 12 2 31
13 3 2 21
9 12 2 11
6 13 2 7
12 14 2 12
11 8 2 32
10 12 2 26
1 7 2 8
3 12 2 2
13 11 2 22
6 5 2 29
14 5 2 1
3 10 2 29
7 8 2 3
12 1 2 19
9 6 2 20
7 13 2 29
9 5 2 24
12 2 2 17
14 9 2 24
6 8 2 29
10 8 2 26
2 14 2 7
11 9 2 29
6 7 2 25
1 3 2 15
9 13 2 6
5 6 2 17
2 7 2 8
5 13 2 31
14 1 2 6
6 14 2 28
7 8 2 21
8 9 2 30
5 4 2 27
6 2 2 18
7 9 2 8
11 1 2 1
12 1 2 20
12 13 2 27
1 4 2 19
8 2 2 23
2 14 2 27
3 9 2 17
8 1 2 13
13 10 2 25
7 5 2 2
9 11 2 10
5 12 2 5
7 13 2 17
5 6 2 18
9 8 2 3
4 5 2 7
7 13 2 3
14 12 2 20
2 14 2 16
11 9 2 26
13 6 2 30
1 12 2 26
7 13 2 2
12 4 2 6
7 3 2 22
8 11 2 31
9 13 2 5
8 4 2 5
9 10 2 15
7 8 2 26
8 9 2 28
5 4 2 4
4 10 2 15
11 7 2 25
10 11 2 30
1 2 2 14
13 12 2 14
13 5 2 26
9 1 2 13
13 3 2 16
6 5 2 22
4 12 2 12
4 8 2 10
9 10 2 12
9 11 2 16
1 13 2 26
12 6 2 9
14 11 2 26
10 8 2 18
3 5 2 1
8 13 2 3
1 4 2 11
9 10 2 27
10 3 2 31
8 2 2 10
9 11 2 14
7 4 2 30
10 14 2 27
9 7 2 18
10 13 2 13
10 12 2 5
14 11 2 12
3 13 2 14
3 4 2 9
1 5 2 14
9 14 2 2
9 4 2 24
2 12 2 22
2 14 2 7
7 2 2 13
7 6 2 22
14 6 2 6
9 3 2 12
7 11 2 28
6 7 2 5
5 1 2 20
3 5 2 1
6 3 2 24
3 13 2 15
5 7 2 6
12 2 2 13
5 3 2 24
8 1 2 6
5 7 2 22
10 13 2 30
13 6 2 8
8 3 2 7
12 2 2 26
5 2 2 26
6 8 2 20
12 8 2 25
4 6 2 21
11 8 2 1
2 7 2 11
13 14 2 23
1 2 2 12
12 9 2 30
2 6 2 17
6 12 2 7
14 9 2 27
11 14 2 1
3 1 2 23
6 3 2 2
9 11 2 19
11 8 2 2
13 9 2 3
9 7 2 5
10 2 2 20
8 3 2 7
10 5 2 16
13 8 2 31
6 11 2 17
10 4 2 9
6 5 2 11
12 7 2 28
9 2 2 20
7 6 2 30
12 7 2 22
6 13 2 6
6 12 2 17
14 6 2 1
2 9 2 5
5 3 2 15
5 9 2 32
5 13 2 17
6 12 2 21
7 12 2 28
2 13 2 22
7 9 2 10
12 7 2 22
11 14 2 4
12 9 2 17
10 13 2 16
11 8 2 8
1 9 2 18
5 2 2 30
10 9 2 1
8 10 2 29
8 13 2 4
11 3 2 20
13 2 2 8
13 10 2 3
4 12 2 9
3 14 2 12
2 12 2 22
5 10 2 15
5 12 2 16
14 10 2 17
7 3 2 2
13 7 2 19
14 10 2 29
10 4 2 16
12 14 2 7
2 13 2 19
4 14 2 5
10 13 2 15
2 6 2 7
4 14 2 17
6 14 2 13
6 4 2 28
9 4 2 2
1 4 2 14
4 5 2 21
6 11 2 29
4 5 2 32
9 12 2 4
5 2 2 21
12 8 2 4
14 8 2 18
6 5 2 30
5 6 2 3
14 8 2 18
14 6 2 17
4 8 2 27
14 2 2 21
13 5 2 30
2 12 2 28
8 2 2 9
9 13 2 6
3 11 2 31
12 13 2 27
13 12 2 3
1 10 2 1
11 1 2 10
8 3 2 32
9 7 2 9
6 11 2 14
13 5 2 23
8 10 2 10
8 4 2 14
9 12 2 28
2 6 2 19
11 13 2 30
13 3 2 15
12 1 2 23
3 8 2 32
9 1 2 27
2 4 2 23
9 12 2 3
12 10 2 17
3 11 2 23
8 1 2 25
5 14 2 5
10 14 2 18
1 11 2 19
7 4 2 2
13 14 2 19
7 5 2 29
8 14 2 1
3 4 2 6
12 2 2 25
14 13 2 25
13 10 2 10
9 2 2 3
9 4 2 27
5 3 2 25
11 9 2 1
4 3 2 4
4 1 2 18
6 1 2 20
12 2 2 24
7 13 2 11
12 3 2 23
3 5 2 7
3 8 2 27
9 12 2 16
9 14 2 24
3 13 2 6
14 12 2 31
1 8 2 19
6 9 2 32
1 13 2 12
10 9 2 17
1 13 2 19
13 2 2 23
6 14 2 18
14 6 2 4
11 4 2 15
8 9 2 30
14 4 2 4
6 2 2 9
10 13 2 8
12 1 2 3
9 12 2 11
3 5 2 8
8 6 2 7
12 10 2 12
5 10 2 8
5 10 2 12
11 14 2 11
3 10 2 31
2 10 2 32
6 11 2 21
9 14 2 6
8 5 2 2
11 10 2 2
2 11 2 20
1 4 2 16
14 10 2 7
4 14 2 4
1 9 2 26
6 9 2 7
8 2 2 31
6 10 2 4
10 13 2 2
7 4 2 17
11 9 2 23
13 8 2 14
5 9 2 7
6 13 2 29
7 13 2 28
9 2 2 7
5 11 2 15
4 13 2 9
10 5 2 4
12 7 2 32
11 12 2 4
1 4 2 11
9 7 2 9
11 8 2 26
7 8 2 4
12 7 2 9
5 10 2 31
13 12 2 28
11 12 2 22
10 2 2 16
1 7 2 22
14 10 2 30
10 12 2 21
9 14 2 8
11 4 2 1
9 3 2 9
3 9 2 32
5 13 2 30
1 7 2 17
3 4 2 21
9 14 2 20
1 2 2 4
14 8 2 21
11 7 2 1
7 5 2 23
6 4 2 22
5 4 2 22
7 13 2 7
6 1 2 13
9 14 2 4
14 2 2 28
3 7 2 23
14 12 2 20
5 11 2 2
14 12 2 1
9 6 2 21
13 8 2 32
1 8 2 21
9 7 2 6
5 2 2 5
5 2 2 29
11 2 2 29
1 12 2 15
1 6 2 3
4 11 2 7
4 1 2 12
3 4 2 6
7 2 2 1
2 8 2 16
12 8 2 5
1 5 2 5
7 9 2 15
12 9 2 30
11 14 2 13
2 3 2 22
14 5 2 22
11 8 2 17
14 2 2 5
10 14 2 24
7 5 2 20
7 2 2 30
2 8 2 7
12 11 2 6
14 13 2 7
2 11 2 24
9 2 2 12
14 9 2 12
2 10 2 26
7 13 2 13
11 13 2 11
8 11 2 19
14 1 2 17
7 13 2 16
10 11 2 8
3 11 2 9
2 3 2 22
8 2 2 4
1 11 2 20
12 7 2 10
11 6 2 29
5 2 2 20
14 4 2 21
7 4 2 26
6 11 2 23
8 2 2 4
9 6 2 5
2 6 2 30
5 14 2 1
5 12 2 4
6 3 2 17
9 14 2 5
2 6 2 4
9 2 2 22
6 10 2 7
5 12 2 28
10 12 2 7
13 2 2 20
9 3 2 2
1 3 2 16
14 2 2 20
12 1 2 1
8 7 2 22
13 11 2 8
10 12 2 22
3 10 2 23
12 8 2 19
13 6 2 13
2 1 2 2
7 6 2 4
7 4 2 16
7 10 2 20
1 3 2 1
3 5 2 11
3 9 2 14
4 10 2 13
8 9 2 14
14 8 2 8
1 12 2 21
7 2 2 9
10 1 2 32
10 9 2 4
7 9 2 4
10 14 2 24
11 2 2 24
1 11 2 26
4 7 2 5
1 3 2 10
3 2 2 20
9 8 2 23
7 3 2 18
3 2 2 11
6 12 2 15
6 14 2 2
13 4 2 8
12 8 2 24
10 6 2 26
6 7 2 25
7 14 2 22
10 6 2 2
2 8 2 17
6 8 2 5
11 7 2 28
13 2 2 5
1 7 2 5
8 9 2 11
2 9 2 18
9 6 2 10
1 13 2 7
5 4 2 4
8 4 2 17
12 13 2 28
7 5 2 14
7 13 2 13
5 12 2 17
9 6 2 21
4 1 2 7
13 4 2 9
5 8 2 21
4 6 2 13
12 7 2 6
8 13 2 18
3 11 2 9
4 1 2 32
6 8 2 11
6 1 2 17
2 14 2 22
1 13 2 26
6 4 2 19
8 5 2 10
9 10 2 17
10 2 2 10
2 6 2 10
7 11 2 16
14 8 2 21
11 3 2 11
9 14 2 3
3 12 2 10
12 10 2 12
9 10 2 12
6 4 2 5
7 14 2 21
4 6 2 3
9 14 2 11
4 10 2 23
4 6 2 10
3 7 2 11
10 8 2 24
1 13 2 14
5 1 2 13
11 2 2 1
3 7 2 8
14 3 2 22
6 3 2 9
3 4 2 9
7 5 2 4
3 8 2 31
2 6 2 21
10 13 2 12
3 14 2 2
9 8 2 6
12 1 2 17
8 12 2 22
14 13 2 19
11 5 2 30
6 7 2 1
6 14 2 2
9 3 2 8
4 3 2 29
2 13 2 8
4 8 2 1
14 4 2 26
5 14 2 14
1 14 2 6
3 5 2 9
5 11 2 1
7 12 2 22
5 1 2 16
12 10 2 24
2 7 2 13
12 11 2 2
6 10 2 27
12 1 2 28
2 3 2 4
13 12 2 22
3 2 2 17
7 9 2 1
11 14 2 9
9 2 2 21
9 4 2 25
1 9 2 13
9 12 2 28
8 13 2 29
1 13 2 19
4 12 2 2
7 8 2 4
9 2 2 5
2 9 2 27
1 6 2 25
7 6 2 19
8 7 2 10
6 5 2 18
1 3 2 1
12 8 2 27
3 13 2 6
10 7 2 17
11 13 2 2
6 10 2 31
12 11 2 2
5 10 2 30
4 8 2 21
2 6 2 22
6 1 2 32
14 13 2 30
10 8 2 3
11 6 2 12
4 7 2 22
10 3 2 27
11 4 2 24
14 6 2 24
3 11 2 11
6 4 2 5
9 2 2 14
8 7 2 16
2 5 2 19
6 2 2 8
14 4 2 7
9 2 2 32
6 8 2 7
11 2 2 10
12 8 2 9
9 14 2 18
2 10 2 15
12 11 2 21
11 7 2 12
2 7 2 8
1 7 2 21
14 3 2 17
10 12 2 6
4 14 2 19
1 14 2 29
8 2 2 2
2 10 2 9
5 4 2 2
5 14 2 15
10 4 2 3
2 12 2 30
1 3 2 6
11 4 2 16
4 2 2 12
12 7 2 28
12 8 2 23
9 13 2 25
2 1 2 22
6 9 2 28
11 3 2 8
10 7 2 29
9 13 2 32
11 14 2 21
14 13 2 18
1 9 2 18
3 8 2 14
7 2 2 26
5 4 2 21
6 5 2 3
9 14 2 20
5 2 2 29
9 1 2 32
5 4 2 16
12 4 2 24
14 1 2 17
1 8 2 10
13 11 2 13
3 1 2 22
5 3 2 8
2 7 2 3
12 9 2 21
6 1 2 16
14 8 2 28
3 14 2 28
1 3 2 11
4 13 2 25
12 2 2 17
3 14 2 28
14 10 2 18
7 6 2 15
1 12 2 16
8 9 2 10
14 12 2 6
14 13 2 27
14 10 2 18
12 7 2 20
11 2 2 21
14 11 2 29
11 4 2 7
8 11 2 2
13 11 2 19
1 2 2 28
5 6 2 8
12 5 2 15
8 7 2 16
5 11 2 8
8 14 2 21
3 7 2 29
4 6 2 16
1 6 2 21
9 13 2 9
10 5 2 14
11 6 2 25
8 12 2 26
2 8 2 9
5 12 2 19
9 7 2 29
10 1 2 6
1 14 2 4
6 12 2 15
2 9 2 11
14 13 2 8
13 12 2 14
6 11 2 11
6 14 2 29
1 11 2 32
4 3 2 2
13 4 2 26
9 11 2 28
2 1 2 6
1 14 2 8
2 6 2 17
4 3 2 16
5 4 2 8
14 10 2 9
10 13 2 3
7 13 2 28
9 10 2 4
3 12 2 24
7 9 2 28
3 2 2 31
1 8 2 4
11 6 2 13
1 13 2 22
9 2 2 2
3 8 2 14
7 2 2 29
5 2 2 31
11 5 2 18
10 7 2 24
1 3 2 24
7 4 2 21
14 10 2 31
12 5 2 19
2 3 2 8
3 14 2 21
12 8 2 19
8 4 2 11
9 2 2 10
6 7 2 6
14 5 2 28
2 10 2 15
14 9 2 31
1 4 2 3
10 9 2 26
8 3 2 11
14 2 2 27
5 2 2 2
9 13 2 7
13 4 2 3
11 2 2 9
8 3 2 22
3 8 2 16
14 9 2 7
1 2 2 1
11 12 2 4
3 10 2 12
3 8 2 14
10 2 2 23
1 5 2 30
2 7 2 6
14 10 2 17
4 2 2 28
8 14 2 14
12 6 2 11
7 11 2 32
2 1 2 31
12 5 2 20
3 8 2 27
7 8 2 6
9 10 2 2
1 5 2 2
5 1 2 8
6 7 2 25
1 11 2 31
3 10 2 16
2 1 2 4
9 3 2 1
11 10 2 9
6 11 2 14
9 1 2 32
10 11 2 3
13 11 2 27
9 5 2 1
14 3 2 31
2 12 2 12
11 5 2 23
11 5 2 15
3 4 2 6
9 10 2 8
13 8 2 15
2 9 2 10
6 12 2 12
12 7 2 10
5 4 2 13
1 13 2 20
4 10 2 27
10 7 2 4
4 1 2 28
11 12 2 30
6 9 2 6
8 9 2 7
14 5 2 17
5 12 2 28
4 10 2 10
3 10 2 18
11 3 2 15
5 2 2 10
12 14 2 17
7 10 2 31
3 7 2 1
2 10 2 14
1 4 2 22
4 13 2 28
8 5 2 17
13 12 2 12
10 4 2 27
5 10 2 21
10 11 2 17
13 9 2 11
8 2 2 5
2 8 2 15
11 4 2 12
7 13 2 16
12 11 2 22
10 1 2 2
10 8 2 6
9 7 2 30
3 1 2 14
10 1 2 8
11 12 2 24
12 3 2 20
8 14 2 4
1 8 2 26
4 12 2 5
7 10 2 9
6 8 2 17
13 11 2 25
9 10 2 18
4 8 2 14
11 1 2 18
2 13 2 27
6 1 2 29
7 14 2 5
10 9 2 12
2 13 2 31
13 11 2 25
1 9 2 19
2 11 2 6
4 12 2 7
11 9 2 23
5 7 2 27
2 5 2 25
11 7 2 2
5 9 2 15
3 11 2 26
1 14 2 3
4 12 2 21
11 8 2 14
2 9 2 10
12 7 2 16
4 13 2 8
4 1 2 2
4 6 2 16
2 1 2 26
10 13 2 7
11 6 2 14
14 5 2 22
7 3 2 3
13 7 2 32
8 3 2 3
10 12 2 25
10 7 2 12
10 7 2 24
9 5 2 19
5 14 2 23
6 9 2 2
13 2 2 13
4 1 2 13
12 5 2 19
1 3 2 19
6 9 2 25
10 6 2 7
9 5 2 12
7 11 2 12
14 11 2 6
12 7 2 26
2 1 2 17
14 7 2 28
3 7 2 2
3 9 2 5
6 13 2 17
12 10 2 16
1 5 2 2
9 6 2 6
2 1 2 9
7 4 2 32
1 11 2 15
5 11 2 7
13 5 2 17
2 4 2 1
11 14 2 10
3 9 2 14
6 14 2 15
6 11 2 15
6 7 2 4
6 9 2 6
3 1 2 26
13 10 2 11
4 7 2 15
5 1 2 9
14 1 2 13
5 3 2 5
3 8 2 18
12 9 2 21
13 10 2 27
3 1 2 25
1 5 2 28
6 12 2 8
4 3 2 5
13 3 2 20
13 14 2 6
4 14 2 24
4 7 2 28
5 1 2 23
4 5 2 21
8 9 2 28
4 10 2 11
9 8 2 9
10 9 2 6
12 4 2 10
7 5 2 28
12 3 2 29
1 11 2 8
10 9 2 24
9 14 2 9
10 11 2 19
5 4 2 27
12 14 2 12
6 7 2 28
3 13 2 12
12 14 2 8
7 1 2 10
6 10 2 14
1 7 2 29
5 7 2 12
6 12 2 2
1 11 2 31
3 13 2 4
13 6 2 26
13 4 2 24
9 4 2 9
2 13 2 29
8 14 2 31
5 2 2 31
7 6 2 19
13 6 2 8
11 12 2 19
12 3 2 19
13 5 2 13
6 1 2 4
11 3 2 26
7 6 2 10
5 14 2 17
3 2 2 17
7 6 2 6
10 2 2 16
2 1 2 22
8 14 2 4
7 4 2 28
11 13 2 30
8 9 2 19
1 14 2 26
11 6 2 20
2 4 2 11
8 4 2 12
12 3 2 14
12 11 2 6
9 2 2 23
12 5 2 23
3 6 2 20
2 9 2 13
6 1 2 25
13 10 2 11
1 13 2 24
7 12 2 12
9 3 2 22
10 12 2 6
9 13 2 19
13 6 2 17
4 1 2 14
6 14 2 28
2 4 2 4
14 6 2 23
2 1 2 3
7 13 2 30
4 13 2 21
1 6 2 21
13 10 2 8
13 12 2 23
11 12 2 20
2 9 2 21
12 13 2 32
1 12 2 1
6 5 2 2
1 10 2 24
3 6 2 13
10 5 2 10
7 9 2 23
8 14 2 9
6 12 2 30
1 14 2 6
11 14 2 30
13 12 2 20
11 3 2 9
14 13 2 30
14 12 2 17
8 6 2 5
10 12 2 32
12 7 2 17
6 13 2 10
7 13 2 1
4 3 2 26
10 9 2 29
10 14 2 13
14 10 2 17
11 2 2 20
10 2 2 20
1 6 2 25
5 4 2 30
7 12 2 30
8 6 2 14
3 14 2 4
11 4 2 19
10 3 2 12
3 1 2 24
2 9 2 31
6 7 2 20
3 10 2 23
3 7 2 29
2 13 2 16
13 1 2 17
6 8 2 9
1 6 2 22
11 8 2 2
2 14 2 22
3 13 2 5
2 13 2 27
4 9 2 28
13 9 2 17
13 2 2 24
3 5 2 18
14 11 2 31
4 9 2 2
2 7 2 25
4 2 2 11
14 5 2 8
2 12 2 21
14 10 2 22
12 10 2 32
6 1 2 11
9 7 2 29
7 8 2 19
2 3 2 2
14 12 2 18
14 9 2 21
10 11 2 30
6 7 2 13
14 8 2 13
7 4 2 6
6 3 2 26
11 4 2 18
3 10 2 31
1 8 2 18
10 8 2 32
9 6 2 26
5 1 2 23
2 9 2 21
9 5 2 14
5 4 2 21
4 2 2 9
13 14 2 27
2 9 2 31
9 12 2 11
1 9 2 28
13 7 2 29
8 1 2 11
9 2 2 22
1 8 2 3
8 10 2 8
4 5 2 21
2 10 2 10
13 10 2 14
2 13 2 25
3 14 2 3
6 2 2 27
2 9 2 4
9 8 2 22
4 5 2 15
8 3 2 4
11 1 2 22
8 5 2 10
4 8 2 6
2 6 2 18
2 7 2 11
10 12 2 23
10 13 2 15
10 7 2 17
11 13 2 12
11 12 2 20
8 3 2 1
6 2 2 8
5 3 2 6
3 2 2 6
4 8 2 11
7 14 2 12
2 11 2 8
11 9 2 15
4 6 2 25
7 4 2 16
10 6 2 6
10 12 2 3
6 5 2 11
2 12 2 32
7 14 2 11
5 2 2 29
12 14 2 5
5 7 2 13
9 13 2 23
12 1 2 27
8 2 2 11
12 8 2 30
13 10 2 1
7 12 2 23
3 7 2 26
14 12 2 15
12 10 2 31
14 9 2 23
9 1 2 23
10 3 2 16
7 14 2 25
2 7 2 10
6 14 2 24
1 8 2 16
11 12 2 3
3 11 2 13
9 5 2 28
6 5 2 2
11 12 2 24
3 6 2 12
12 7 2 21
4 8 2 10
7 5 2 28
8 4 2 19
5 4 2 16
11 3 2 1
4 2 2 31
10 11 2 27
13 8 2 7
6 4 2 2
1 8 2 14
13 9 2 5
2 8 2 26
4 7 2 6
4 8 2 32
7 1 2 28
7 14 2 24
11 8 2 17
7 12 2 32
11 5 2 16
1 10 2 24
11 10 2 13
10 9 2 10
2 5 2 10
12 10 2 24
7 9 2 27
6 12 2 8
14 2 2 4
8 6 2 22
14 10 2 9
10 2 2 31
12 10 2 12
13 3 2 3
2 9 2 5
2 7 2 4
8 6 2 4
3 12 2 17
2 11 2 25
1 12 2 32
14 10 2 4
1 9 2 6
13 10 2 9
4 2 2 6
3 1 2 30
10 13 2 7
8 1 2 30
4 5 2 8
11 6 2 3
7 10 2 20
8 6 2 8
8 13 2 4
7 4 2 6
11 5 2 30
6 10 2 21
7 10 2 15
10 5 2 16
14 10 2 17
4 5 2 11
5 7 2 32
12 4 2 13
13 12 2 24
7 1 2 21
7 4 2 3
7 13 2 1
7 14 2 11
6 1 2 22
1 6 2 8
2 11 2 15
2 7 2 22
11 13 2 30
8 7 2 6
5 7 2 13
4 11 2 2
7 12 2 3
2 11 2 15
2 7 2 28
4 11 2 20
13 10 2 3
8 12 2 21
1 4 2 20
4 12 2 29
12 10 2 24
9 7 2 26
11 14 2 9
5 3 2 22
12 2 2 9
1 7 2 7
11 14 2 20
6 3 2 9
10 8 2 16
12 10 2 31
14 8 2 28
5 10 2 12
5 12 2 8
10 14 2 22
10 1 2 13
8 11 2 5
8 10 2 31
12 3 2 9
7 13 2 14
9 3 2 31
10 3 2 29
8 14 2 4
1 10 2 17
14 2 2 26
1 3 2 17
14 2 2 23
9 4 2 8
6 10 2 5
6 1 2 12
9 13 2 2
12 3 2 9
6 13 2 27
1 14 2 29
11 12 2 31
9 11 2 19
7 13 2 14
10 11 2 2
6 9 2 10
13 1 2 24
10 5 2 19
10 11 2 13
5 10 2 28
3 14 2 13
4 13 2 28
2 1 2 20
8 2 2 23
6 14 2 30
8 7 2 11
13 14 2 7
9 4 2 24
13 7 2 29
10 12 2 1
10 13 2 16
14 9 2 13
4 6 2 26
14 12 2 26
2 14 2 20
11 2 2 15
13 1 2 30
6 10 2 25
9 14 2 17
14 1 2 27
2 9 2 27
12 13 2 23
2 7 2 32
1 14 2 12
12 10 2 19
14 11 2 28
12 8 2 30
2 6 2 14
13 5 2 6
9 4 2 4
2 14 2 6
4 12 2 3
2 4 2 29
9 10 2 22
7 13 2 29
11 9 2 27
5 14 2 5
14 8 2 6
13 6 2 3
5 10 2 20
10 13 2 3
2 10 2 15
6 4 2 17
10 7 2 29
12 3 2 18
9 3 2 1
11 1 2 19
10 2 2 23
6 10 2 31
10 4 2 29
9 11 2 18
1 12 2 32
4 11 2 10
6 1 2 17
11 6 2 19
6 7 2 13
5 13 2 23
9 8 2 22
14 12 2 22
4 2 2 11
9 12 2 22
1 11 2 14
9 6 2 24
9 3 2 1
9 8 2 28
6 14 2 28
9 5 2 21
5 8 2 18
10 13 2 24
1 3 2 20
11 4 2 13
11 10 2 9
5 11 2 22
2 5 2 21
4 8 2 26
7 12 2 19
7 10 2 30
2 8 2 14
8 3 2 20
8 14 2 22
3 10 2 14
13 3 2 9
7 8 2 1
7 2 2 25
2 3 2 15
2 5 2 12
11 4 2 20
7 3 2 16
14 2 2 9
13 5 2 21
5 2 2 30
11 8 2 1
12 13 2 24
9 5 2 27
4 14 2 6
14 1 2 20
7 9 2 3
11 14 2 31
2 1 2 12
9 14 2 32
5 4 2 22
2 10 2 12
8 11 2 22
13 7 2 6
9 1 2 2
12 6 2 26
11 5 2 11
13 4 2 25
11 3 2 13
9 10 2 20
3 7 2 10
3 8 2 19
2 5 2 6
8 12 2 10
14 12 2 2
2 1 2 19
12 9 2 31
10 5 2 26
3 6 2 26
2 13 2 13
6 8 2 22
7 8 2 25
3 5 2 16
13 2 2 32
4 7 2 32
3 7 2 20
2 7 2 11
9 6 2 15
11 4 2 20
13 10 2 13
7 13 2 12
13 3 2 25
12 5 2 13
6 8 2 20
5 4 2 13
9 6 2 30
3 10 2 12
3 13 2 31
1 12 2 25
10 11 2 8
14 4 2 8
7 14 2 24
11 3 2 6
1 12 2 18
3 5 2 32
3 2 2 15
5 4 2 12
14 3 2 31
4 1 2 13
7 13 2 9
14 6 2 11
3 14 2 27
4 1 2 26
7 3 2 14
5 9 2 22
8 1 2 9
13 7 2 14
2 3 2 1
12 7 2 22
12 13 2 28
4 7 2 2
2 8 2 10
4 6 2 23
6 11 2 3
9 5 2 26
3 5 2 31
8 1 2 5
12 7 2 16
14 7 2 9
12 10 2 15
3 14 2 29
14 4 2 4
14 10 2 24
14 9 2 16
7 11 2 6
4 7 2 29
9 4 2 20
12 13 2 2
6 10 2 15
3 14 2 10
9 6 2 16
9 4 2 27
14 4 2 8
8 14 2 29
8 11 2 5
5 7 2 2
5 4 2 27
11 3 2 1
5 8 2 12
12 9 2 24
8 6 2 9
1 9 2 2
7 13 2 2
8 11 2 10
7 2 2 8
7 4 2 2
7 10 2 1
1 2 2 2
14 10 2 29
6 13 2 9
9 3 2 5
12 14 2 22
5 8 2 3
1 8 2 14
12 1 2 1
12 6 2 10
12 14 2 10
12 2 2 19
4 1 2 14
11 8 2 10
12 8 2 3
12 2 2 24
8 2 2 10
13 3 2 14
13 12 2 15
10 12 2 20
9 5 2 21
12 9 2 21
7 3 2 31
12 8 2 19
2 9 2 21
8 13 2 22
10 13 2 28
4 12 2 26
7 10 2 13
1 11 2 14
5 12 2 7
13 2 2 9
12 4 2 30
13 9 2 7
7 2 2 21
3 2 2 28
6 13 2 26
5 8 2 25
6 3 2 26
4 1 2 27
14 10 2 32
5 4 2 31
9 6 2 8
3 2 2 13
9 5 2 25
8 5 2 12
6 1 2 23
9 5 2 26
13 14 2 4
14 10 2 31
10 3 2 16
5 3 2 9
7 14 2 7
10 5 2 23
3 4 2 22
2 10 2 5
8 2 2 6
14 11 2 29
6 12 2 6
7 5 2 11
2 5 2 10
11 9 2 29
3 14 2 21
6 2 2 7
5 14 2 25
6 12 2 30
6 4 2 25
6 13 2 3
13 3 2 1
6 9 2 17
12 8 2 1
3 1 2 19
6 8 2 22
6 12 2 16
11 8 2 30
3 10 2 11
2 12 2 7
4 8 2 27
14 7 2 26
1 12 2 19
3 14 2 24
10 14 2 7
6 8 2 6
5 11 2 19
2 9 2 22
3 10 2 27
11 5 2 23
6 7 2 30
13 8 2 15
12 14 2 15
12 2 2 22
1 4 2 18
8 7 2 20
7 6 2 28
13 7 2 17
1 9 2 31
4 3 2 17
11 8 2 21
14 5 2 27
2 8 2 11
10 11 2 22
11 12 2 5
9 5 2 25
7 11 2 15
4 1 2 18
2 12 2 24
14 7 2 11
4 5 2 9
4 14 2 14
14 4 2 28
7 14 2 16
1 14 2 27
8 2 2 16
5 11 2 23
4 14 2 26
8 9 2 28
3 2 2 32
1 8 2 9
12 8 2 21
12 8 2 29
14 12 2 32
8 9 2 7
6 2 2 29
3 2 2 24
8 9 2 14
8 7 2 21
4 1 2 26
2 11 2 19
6 10 2 11
6 13 2 15
3 14 2 20
13 3 2 26
14 11 2 1
6 5 2 16
5 1 2 23
14 9 2 1
9 14 2 20
13 10 2 22
13 3 2 25
10 12 2 25
5 3 2 11
6 4 2 19
10 3 2 31
12 6 2 25
3 4 2 8
12 7 2 20
9 6 2 3
7 2 2 11
11 7 2 23
8 7 2 18
12 9 2 29
5 1 2 17
7 9 2 18
14 10 2 11
6 8 2 16
4 14 2 2
11 3 2 24
11 1 2 20
8 7 2 13
3 13 2 11
5 3 2 18
7 13 2 12
13 12 2 15
4 7 2 11
10 13 2 21
1 14 2 27
8 14 2 12
3 9 2 32
14 4 2 14
4 1 2 17
14 1 2 6
13 1 2 16
13 5 2 10
2 10 2 30
10 1 2 26
11 9 2 23
2 9 2 24
9 14 2 16
6 2 2 12
3 5 2 6
14 12 2 4
4 5 2 21
6 2 2 31
8 12 2 9
5 13 2 8
2 12 2 23
7 10 2 22
3 10 2 5
14 9 2 32
9 3 2 25
1 9 2 20
7 5 2 18
12 4 2 21
4 11 2 3
14 8 2 10
10 14 2 30
3 13 2 19
10 2 2 18
8 4 2 14
2 10 2 26
14 10 2 6
1 6 2 1
10 14 2 30
13 8 2 32
2 13 2 9
9 7 2 2
3 10 2 14
4 6 2 7
11 1 2 26
5 11 2 26
6 9 2 30
13 10 2 32
8 10 2 13
5 11 2 8
13 1 2 6
4 10 2 15
11 5 2 27
8 14 2 1
7 4 2 11
7 1 2 15
1 7 2 10
10 11 2 24
8 2 2 31
4 5 2 22
1 2 2 18
7 10 2 7
1 6 2 22
13 10 2 9
3 12 2 20
11 3 2 17
8 5 2 8
11 9 2 24
13 5 2 16
3 10 2 21
13 6 2 5
13 5 2 14
7 1 2 11
8 6 2 4
14 1 2 1
13 7 2 2
6 13 2 25
9 14 2 24
3 7 2 27
1 5 2 27
13 10 2 30
9 13 2 28
1 7 2 28
14 10 2 14
3 10 2 12
12 2 2 25
12 10 2 9
8 10 2 20
8 3 2 16
11 3 2 11
12 13 2 5
2 11 2 29
8 1 2 6
8 13 2 24
11 6 2 32
10 4 2 19
10 8 2 5
5 14 2 16
14 12 2 32
10 7 2 1
9 4 2 9
4 6 2 8
14 4 2 1
2 13 2 29
10 11 2 16
3 13 2 19
5 4 2 2
7 14 2 2
10 1 2 23
14 1 2 3
5 14 2 26
7 11 2 13
8 5 2 31
11 4 2 18
13 3 2 32
13 5 2 2
5 8 2 25
5 4 2 32
10 11 2 11
3 10 2 6
7 3 2 8
6 12 2 6
2 10 2 14
5 10 2 9
14 10 2 31
9 2 2 8
2 9 2 2
9 4 2 16
8 5 2 1
14 5 2 24
5 9 2 26
7 5 2 30
7 8 2 32
11 5 2 16
2 1 2 25
4 5 2 24
3 11 2 32
6 14 2 1
13 8 2 7
5 14 2 16
10 12 2 32
9 6 2 13
8 10 2 20
2 6 2 24
13 8 2 30
6 9 2 16
9 4 2 15
9 11 2 3
7 9 2 2
5 6 2 14
9 5 2 26
13 7 2 26
11 6 2 5
11 9 2 14
10 5 2 25
2 4 2 4
10 3 2 14
12 4 2 26
6 3 2 14
3 13 2 30
8 13 2 29
14 13 2 7
4 3 2 14
10 11 2 17
4 8 2 9
2 4 2 11
11 10 2 19
14 4 2 19
9 2 2 10
11 4 2 11
14 2 2 19
2 11 2 31
12 1 2 23
9 14 2 25
11 7 2 21
6 8 2 1
1 13 2 6
6 14 2 27
3 10 2 12
10 11 2 10
14 12 2 26
14 11 2 24
13 5 2 5
3 5 2 15
12 6 2 16
1 10 2 2
10 3 2 13
1 13 2 18
6 9 2 3
8 1 2 26
6 2 2 19
4 8 2 3
14 3 2 5
8 10 2 4
9 4 2 9
7 5 2 6
3 9 2 32
14 7 2 26
4 9 2 27
8 2 2 26
9 14 2 32
3 1 2 23
14 1 2 12
5 8 2 29
3 11 2 6
2 4 2 4
11 14 2 13
9 3 2 18
4 7 2 18
1 11 2 2
11 14 2 22
6 2 2 25
5 12 2 19
2 4 2 8
13 1 2 29
13 7 2 12
13 5 2 7
7 14 2 6
11 2 2 32
4 12 2 27
13 9 2 8
7 8 2 17
6 12 2 20
8 11 2 22
14 1 2 27
11 7 2 12
12 4 2 13
5 4 2 28
14 5 2 27
3 10 2 26
6 1 2 8
11 9 2 14
8 1 2 8
6 4 2 30
8 13 2 4
3 12 2 6
9 3 2 28
11 13 2 25
7 5 2 1
11 1 2 13
8 12 2 13
4 8 2 23
9 14 2 30
5 3 2 7
5 8 2 11
9 13 2 15
4 10 2 8
6 3 2 31
4 14 2 17
6 8 2 27
11 14 2 19
13 12 2 25
8 5 2 31
1 13 2 12
13 7 2 27
14 9 2 13
9 12 2 32
14 6 2 22
12 13 2 28
11 8 2 13
4 7 2 18
11 7 2 23
10 14 2 26
3 10 2 11
7 13 2 12
8 13 2 2
14 12 2 28
7 1 2 31
8 9 2 20
5 12 2 26
7 14 2 18
13 2 2 26
12 1 2 1
13 10 2 21
1 12 2 32
7 13 2 13
12 8 2 22
14 12 2 18
2 6 2 12
4 3 2 23
11 8 2 7
3 2 2 24
12 5 2 14
1 7 2 3
10 3 2 7
14 1 2 27
13 4 2 1
10 11 2 25
5 3 2 8
5 9 2 29
1 2 2 22
13 14 2 4
14 10 2 3
12 2 2 29
3 9 2 23
6 14 2 6
12 11 2 16
13 8 2 32
14 10 2 28
1 4 2 15
9 3 2 13
7 14 2 5
5 14 2 6
2 13 2 29
5 13 2 4
2 13 2 30
2 3 2 23
13 12 2 15
1 10 2 25
6 10 2 31
4 9 2 7
2 7 2 6
11 9 2 12
5 12 2 10
11 5 2 5
10 8 2 21
5 14 2 24
7 12 2 17
1 7 2 31
3 8 2 15
12 6 2 3
5 14 2 2
3 9 2 8
2 11 2 11
3 5 2 17
1 7 2 26
12 9 2 18
2 4 2 13
3 11 2 32
1 2 2 30
13 11 2 10
11 3 2 19
8 3 2 2
9 7 2 12
9 2 2 4
7 1 2 21
5 13 2 17
10 13 2 14
10 11 2 7
5 2 2 5
8 10 2 31
4 2 2 17
5 4 2 3
6 8 2 3
13 5 2 24
7 5 2 21
12 1 2 22
13 8 2 9
3 10 2 15
14 1 2 9
2 3 2 21
5 8 2 6
7 1 2 17
14 12 2 4
12 2 2 28
8 14 2 1
12 5 2 4
9 11 2 8
13 14 2 5
13 10 2 17
13 6 2 24
9 10 2 12
6 1 2 5
1 2 2 20
11 2 2 22
9 13 2 14
14 7 2 32
3 12 2 31
4 2 2 22
2 3 2 26
14 1 2 15
6 4 2 31
4 5 2 18
6 4 2 26
7 11 2 28
3 5 2 21
12 11 2 7
1 10 2 23
11 7 2 3
8 1 2 3
7 6 2 13
8 3 2 2
3 13 2 22
14 5 2 24
7 3 2 8
2 3 2 25
12 1 2 27
6 10 2 11
5 13 2 18
9 8 2 13
1 7 2 21
12 10 2 18
6 11 2 15
13 12 2 11
3 5 2 30
13 8 2 12
1 14 2 1
2 11 2 32
3 5 2 31
11 2 2 32
6 10 2 6
8 4 2 24
11 1 2 32
5 4 2 21
4 6 2 20
5 9 2 21
7 3 2 24
11 1 2 31
1 6 2 8
11 13 2 31
10 1 2 21
7 9 2 21
9 4 2 5
8 6 2 12
6 4 2 4
14 1 2 19
9 5 2 30
11 8 2 18
7 1 2 11
6 10 2 6
8 3 2 23
2 7 2 1
13 12 2 12
5 7 2 2
2 11 2 11
5 3 2 11
12 14 2 13
1 13 2 27
6 10 2 31
1 13 2 27
11 6 2 25
9 13 2 18
14 13 2 8
13 3 2 27
11 5 2 4
5 1 2 9
4 5 2 1
7 12 2 11
4 9 2 27
2 9 2 19
2 9 2 26
6 8 2 14
10 6 2 20
1 6 2 11
13 6 2 14
1 8 2 8
7 8 2 32
5 13 2 8
6 7 2 15
10 11 2 18
7 5 2 29
1 5 2 5
11 6 2 23
3 12 2 17
11 13 2 14
8 3 2 23
4 9 2 18
12 9 2 2
4 8 2 26
6 14 2 8
14 9 2 26
4 7 2 19
2 1 2 28
8 2 2 31
14 10 2 2
11 9 2 20
5 1 2 3
2 11 2 2
12 6 2 16
13 14 2 4
9 13 2 8
1 2 2 3
4 7 2 32
3 10 2 6
13 5 2 27
11 10 2 18
4 12 2 2
14 7 2 6
11 14 2 16
3 13 2 18
3 7 2 25
5 1 2 29
8 5 2 19
14 2 2 20
2 6 2 22
3 6 2 9
9 7 2 30
5 11 2 26
12 5 2 28
11 2 2 31
8 5 2 9
12 8 2 24
13 12 2 5
12 10 2 2
7 6 2 8
5 7 2 27
14 2 2 30
1 4 2 7
2 14 2 17
7 4 2 9
4 9 2 19
6 1 2 8
1 9 2 16
13 3 2 20
13 3 2 24
11 9 2 19
9 14 2 1
8 6 2 20
12 1 2 28
8 2 2 11
10 1 2 8
9 6 2 24
11 10 2 8
8 4 2 23
7 13 2 8
5 12 2 21
5 6 2 24
11 9 2 19
7 1 2 30
1 7 2 12

